18.04
26.49
28.49
29.02
25.12
23.43
19.81
17.66
15.81
15.41
14.45
13.85
13.42
13.45
13.37
12.57
12.60
12.10
12.38
12.21
13.10
13.40
13.66
12.99
12.38
13.75
13.54
13.63
13.07
13.08
13.54
12.82
12.69
12.18
12.18
12.50
12.33
12.25
12.05
12.26
12.70
12.97
12.64
13.18
13.38
13.52
12.65
12.85
13.26
12.36
12.39
12.97
13.08
12.49
12.55
12.34
12.22
12.79
12.09
12.37
12.67
12.86
12.66
13.30
12.62
13.20
13.62
13.29
12.88
12.43
12.20
12.10
12.66
12.32
12.59
12.92
13.41
13.44
13.05
11.91
13.57
13.27
13.08
13.22
13.61
13.05
12.97
12.55
13.63
12.84
13.13
13.20
12.64
12.88
12.43
12.72
13.19
13.08
13.18
12.39
12.29
11.79
11.87
12.25
13.77
13.08
13.45
12.85
12.66
12.53
12.29
12.64
12.73
12.45
12.28
13.06
12.65
13.34
12.79
13.08
12.27
12.99
13.21
12.84
13.72
13.14
13.20
12.17
13.34
13.33
13.43
13.58
12.89
13.04
12.10
12.69
12.47
13.43
12.99
12.61
13.85
12.70
13.51
13.23
13.48
12.92
12.86
11.97
13.08
12.25
12.52
12.98
11.41
11.85
12.59
12.68
12.60
12.64
12.33
12.35
12.68
12.60
12.97
12.51
12.83
13.67
12.41
12.28
12.91
12.73
12.67
12.58
12.61
13.01
12.56
12.12
12.29
12.18
12.42
13.24
13.51
12.34
12.41
13.06
13.23
12.42
14.08
13.16
12.11
13.08
13.40
13.10
13.12
13.31
12.81
12.49
12.49
13.08
12.80
13.31
13.41
13.25
12.66
12.47
12.76
13.05
12.78
13.37
12.83
12.87
13.18
11.95
12.56
13.49
12.72
13.64
13.15
13.03
12.47
12.91
13.36
13.46
12.79
12.77
12.25
12.33
12.23
12.30
12.37
12.67
12.11
11.78
13.16
11.95
12.60
12.88
13.17
12.64
13.64
14.18
13.58
13.83
12.73
12.34
12.78
12.03
13.09
12.45
12.99
12.19
11.78
12.75
12.78
12.79
13.16
13.41
13.71
12.95
13.72
13.62
12.48
13.36
12.37
13.08
13.21
12.35
12.16
12.79
12.23
12.87
12.89
13.47
13.53
12.63
12.69
13.14
14.20
13.06
12.98
12.90
13.73
12.44
12.33
12.26
11.84
12.93
12.66
12.47
12.48
12.65
12.71
12.31
13.09
12.84
12.52
12.71
13.17
12.75
12.86
12.75
12.32
11.94
13.10
13.45
12.06
12.64
12.16
12.33
12.75
12.98
13.17
12.65
12.93
13.75
12.93
13.38
13.34
12.62
13.04
13.57
12.41
12.89
13.40
13.40
12.91
13.20
13.00
13.12
12.25
12.92
13.28
13.80
12.76
12.53
12.68
12.69
12.21
13.29
13.11
12.23
13.25
13.04
13.30
12.11
12.56
13.37
13.81
12.73
13.32
12.78
12.86
13.43
13.75
14.11
14.51
13.21
13.33
12.56
12.86
12.47
12.90
13.15
13.58
12.59
12.77
12.21
11.94
13.26
13.30
13.42
13.36
12.30
12.93
13.00
12.62
13.56
12.63
12.92
13.15
12.12
12.41
13.02
12.78
12.02
13.27
12.97
12.46
13.60
21.39
13.64
12.05
12.47
13.48
12.67
12.86
12.98
12.82
12.21
12.75
12.83
12.61
12.74
12.92
13.00
13.56
13.40
12.94
13.46
12.79
12.72
12.64
12.59
12.48
12.92
12.99
12.81
12.07
12.16
12.48
12.61
12.96
12.24
12.73
12.82
13.08
13.61
13.24
12.85
13.43
12.37
12.41
13.19
12.36
12.14
12.28
11.87
13.01
12.00
12.39
12.41
11.75
12.93
12.92
12.65
12.97
19.54
13.41
12.38
12.58
12.19
12.83
12.85
13.56
13.09
13.69
11.89
12.06
12.51
12.64
12.63
12.90
13.56
12.80
13.29
12.76
12.73
13.00
12.44
13.22
12.53
12.47
12.18
12.55
13.08
13.22
13.09
12.15
12.84
12.37
13.97
12.31
13.12
12.57
12.63
12.04
11.98
13.18
12.33
13.37
13.32
13.09
13.51
12.95
12.29
12.84
12.65
13.37
13.54
12.32
12.57
13.61
13.13
12.61
13.03
13.31
13.28
12.69
13.39
13.39
12.75
13.74
12.90
13.02
13.01
12.12
12.36
12.17
12.92
12.97
13.00
13.19
12.35
13.05
13.09
13.13
12.43
12.75
13.07
13.29
13.16
12.30
12.63
12.85
12.55
12.10
12.54
12.27
12.25
12.92
13.32
13.49
12.22
12.09
12.18
13.16
11.96
12.18
13.76
13.12
13.15
13.95
12.94
13.10
12.28
13.43
12.89
13.73
12.95
12.86
12.78
13.11
13.27
12.87
12.82
13.00
13.13
13.12
13.63
13.01
13.11
12.85
12.88
12.66
13.07
13.14
12.48
12.85
13.36
12.68
12.44
12.23
13.79
12.97
11.96
12.37
13.10
13.47
13.51
12.48
12.91
13.16
13.49
14.13
12.74
12.26
13.39
13.31
13.65
12.11
13.20
14.16
13.18
12.86
12.76
13.25
14.11
14.05
13.09
12.79
13.03
13.10
12.19
12.96
11.98
13.20
12.80
12.39
12.69
12.95
14.29
13.60
12.42
12.57
13.22
13.78
12.97
12.81
12.48
12.94
13.48
13.05
12.90
13.63
13.16
13.23
12.40
12.96
13.24
13.25
13.66
14.05
13.33
12.60
12.14
12.89
12.30
13.23
12.76
12.68
12.66
12.36
12.34
12.73
12.50
12.47
12.70
13.68
12.95
12.87
13.75
12.43
12.43
12.93
12.67
13.12
13.11
12.87
12.96
13.04
12.77
12.57
13.10
12.17
12.74
12.95
13.10
12.45
13.12
13.58
12.99
12.76
12.76
13.17
12.85
12.58
13.19
12.11
13.04
14.04
13.28
12.92
12.86
12.44
13.05
13.26
13.00
12.25
12.39
13.41
13.79
12.64
13.00
13.41
13.59
13.19
12.96
12.38
12.93
13.36
13.06
13.02
12.94
12.94
12.92
13.71
13.16
12.78
13.74
13.32
12.53
12.62
13.12
12.97
12.95
12.66
12.86
12.54
13.06
13.36
12.75
12.09
13.91
13.27
13.17
13.06
13.00
13.41
12.81
12.52
12.57
11.96
12.28
13.46
13.41
13.38
13.05
12.66
12.86
12.76
13.53
12.70
12.36
13.51
13.87
12.45
13.83
13.45
12.93
12.17
13.23
14.01
12.67
13.39
13.35
12.00
13.02
12.83
12.80
13.21
13.23
13.37
13.37
13.45
12.95
13.70
12.41
12.55
12.11
12.10
12.54
12.89
12.60
12.64
12.94
12.81
12.66
12.47
12.90
13.63
13.09
12.07
11.75
13.30
12.33
12.56
11.92
11.37
12.55
13.55
13.49
13.71
13.06
13.51
13.22
12.92
12.99
13.20
13.64
12.97
13.13
11.94
12.71
13.76
14.20
13.07
12.35
12.22
12.37
12.78
13.32
13.70
13.66
14.43
14.03
13.79
13.24
12.89
12.92
12.59
12.87
13.63
13.09
13.25
13.21
12.53
13.23
12.15
12.86
12.60
13.25
13.21
13.25
13.38
13.73
13.31
12.85
12.96
12.90
13.87
12.09
13.62
12.39
12.90
13.32
13.03
12.87
13.79
13.54
13.22
13.01
13.02
12.54
12.87
20.09
13.78
12.70
12.58
13.12
13.06
13.97
13.33
12.56
12.16
18.29
13.82
12.16
12.37
13.40
14.23
13.61
13.69
13.51
12.55
13.16
13.52
14.09
13.94
13.82
14.32
14.43
15.09
14.72
14.71
14.40
15.18
15.73
14.50
13.61
13.05
13.04
13.10
13.46
12.93
13.60
13.71
13.05
13.83
12.58
13.20
12.60
12.52
13.52
12.56
13.76
12.51
12.89
12.58
13.06
12.69
12.75
13.30
13.88
13.08
12.63
13.46
12.93
13.30
13.33
13.11
13.69
12.94
13.07
13.51
13.42
14.12
14.15
13.59
13.86
13.50
13.37
13.80
12.91
13.66
13.34
14.04
13.43
12.73
12.79
13.17
12.64
13.48
13.62
13.94
12.74
12.93
13.52
14.03
13.03
12.91
14.16
14.32
13.34
13.15
13.88
13.28
13.66
13.98
13.22
13.91
14.33
12.90
12.91
12.66
13.88
13.73
13.88
14.26
14.29
14.61
13.92
13.72
12.60
12.36
13.78
13.31
12.76
13.30
13.24
12.69
13.64
13.30
13.25
13.05
13.42
13.23
12.75
11.94
12.56
13.18
13.37
12.56
12.55
12.73
12.58
12.16
13.02
12.19
12.26
12.60
13.32
13.07
12.86
12.07
12.14
13.24
12.68
12.54
12.52
12.66
12.96
13.55
12.88
12.63
12.41
12.62
13.66
11.91
12.52
13.38
13.68
13.70
13.99
13.69
13.81
13.12
12.49
12.51
12.48
18.74
13.25
12.38
11.57
12.99
12.80
12.84
13.23
12.75
13.52
13.01
12.72
13.03
12.64
12.46
12.07
12.27
13.28
13.22
13.94
13.10
12.92
13.65
13.51
13.49
12.94
12.64
13.36
12.23
12.27
12.94
13.18
12.43
13.12
12.97
12.25
12.41
12.41
13.40
12.59
11.96
12.97
12.15
12.71
12.18
12.23
12.47
12.44
13.32
13.39
12.38
12.49
13.25
13.18
12.70
12.38
12.19
12.34
13.15
13.65
12.86
12.28
13.33
12.63
13.40
13.33
12.14
13.34
13.33
12.76
13.08
12.46
12.04
12.05
12.55
12.80
12.20
13.15
13.53
12.76
11.60
12.60
13.06
13.20
12.74
12.58
12.89
13.39
13.49
12.60
13.00
13.18
12.40
11.95
12.13
12.85
12.20
13.26
13.44
11.87
13.00
13.22
13.03
12.76
12.83
12.68
12.89
12.22
12.76
12.71
12.56
12.26
13.12
12.16
13.71
13.32
14.05
20.20
14.14
12.30
13.41
13.76
12.89
14.78
13.99
12.87
13.65
12.60
12.42
13.50
13.66
12.95
12.66
12.89
13.17
12.44
12.78
13.40
12.64
13.27
13.33
12.76
12.55
12.82
12.58
13.13
13.16
13.46
12.92
13.15
12.72
12.66
12.55
12.82
12.71
12.89
13.27
13.23
13.14
13.47
13.69
12.25
12.47
13.02
12.65
12.91
13.47
13.45
12.79
12.76
12.71
12.88
12.82
12.51
12.62
13.46
12.56
13.20
12.86
11.98
12.41
12.72
12.29
12.21
13.03
12.99
13.55
13.44
13.46
13.35
12.74
12.98
13.58
12.86
12.64
13.37
12.75
13.09
12.84
13.43
13.21
12.52
13.28
12.38
12.90
13.69
13.21
13.55
12.73
12.59
13.19
13.24
12.69
11.87
13.10
13.81
12.33
13.09
12.51
13.72
13.24
13.51
13.36
13.41
13.31
14.32
13.20
13.01
12.92
12.82
13.57
13.67
12.99
13.03
12.64
13.01
13.45
12.97
12.35
12.78
13.31
12.61
12.68
12.36
13.00
13.05
12.87
12.51
12.84
12.81
13.01
13.57
12.79
12.80
13.08
13.39
13.04
12.81
12.53
12.31
12.76
13.35
13.23
12.14
11.89
12.18
12.11
11.97
12.46
12.55
11.98
12.36
13.37
12.40
12.27
13.35
12.74
12.44
13.26
13.08
12.44
12.83
12.63
13.00
12.76
12.66
12.24
12.28
13.65
13.40
12.68
13.42
12.47
13.31
13.50
13.19
12.52
12.46
12.85
12.40
13.24
13.37
13.15
12.42
12.54
12.41
12.79
12.94
12.66
12.46
12.83
13.05
13.70
12.11
12.61
12.26
13.15
12.60
11.19
12.50
12.87
13.38
12.91
12.03
12.46
12.88
12.94
12.35
12.75
14.08
14.14
13.25
12.54
13.06
13.14
14.01
12.66
12.69
11.64
12.25
12.72
12.26
12.58
13.24
12.52
12.81
13.09
12.59
12.69
12.89
13.05
13.90
12.90
12.89
12.97
12.65
12.73
12.54
13.08
14.40
13.24
13.26
13.04
13.06
12.57
12.68
12.66
12.84
12.81
12.33
12.70
12.97
13.00
12.58
12.94
13.28
12.34
13.54
12.83
13.14
12.25
11.68
12.63
12.55
12.31
12.42
12.74
12.59
13.04
12.70
12.83
12.80
12.36
13.05
12.91
12.60
11.90
13.26
12.96
12.68
12.77
12.37
12.75
14.11
12.93
13.55
12.78
13.01
13.30
13.36
13.47
13.09
13.07
12.58
12.83
12.41
12.87
13.58
12.90
14.13
13.18
13.95
12.26
12.50
13.20
12.79
12.65
12.40
12.46
13.19
13.00
12.89
13.17
13.07
13.36
11.55
12.29
13.02
13.72
13.65
12.87
12.10
12.47
13.30
13.79
13.14
13.28
12.85
12.63
13.27
12.52
12.95
12.20
13.09
13.40
13.35
12.53
13.57
13.36
13.50
13.25
13.20
12.96
12.84
12.27
11.72
12.85
12.34
13.02
13.81
12.84
12.88
13.22
12.57
12.22
12.22
12.43
11.80
13.16
13.15
13.05
13.28
13.06
12.96
12.39
13.12
13.54
12.98
12.36
11.73
12.39
12.41
11.53
12.03
12.21
13.18
13.43
12.71
12.55
12.77
12.98
13.60
13.65
12.79
12.29
13.05
13.01
12.76
12.60
13.35
12.56
12.86
12.95
13.13
13.37
13.78
13.03
12.72
13.43
13.19
13.61
12.95
11.87
13.62
13.32
12.52
13.00
12.02
12.80
12.16
12.18
12.74
12.27
11.92
18.09
12.18
13.05
13.39
14.34
13.20
13.07
13.06
12.28
12.89
13.64
13.33
12.25
12.78
12.98
12.71
12.94
13.64
13.63
12.39
12.41
12.49
12.26
13.45
13.20
12.24
12.43
13.51
13.55
14.57
12.33
12.72
12.85
12.90
13.34
14.06
13.55
13.33
13.89
12.88
13.03
19.44
12.67
12.53
13.75
13.65
13.58
13.69
13.64
13.63
12.13
12.91
12.85
12.58
13.85
13.98
12.48
13.76
13.14
13.28
12.47
12.63
12.56
13.55
13.20
14.36
13.10
12.79
12.43
12.10
12.37
12.68
12.27
12.94
13.22
12.26
12.96
12.22
12.52
12.51
12.51
12.58
11.81
12.59
12.50
12.22
12.34
12.86
12.74
13.18
13.68
13.39
13.57
12.65
12.45
12.75
13.69
13.51
12.84
12.71
13.13
13.19
13.61
12.90
13.35
13.38
13.73
13.04
12.74
12.86
12.83
13.34
13.61
12.84
12.73
11.55
13.13
13.45
13.18
12.76
13.09
13.46
13.43
12.72
13.10
13.26
13.02
12.50
13.39
13.01
13.16
13.09
12.95
12.84
12.18
11.93
13.01
13.10
13.43
13.09
12.36
13.49
13.99
12.81
12.57
13.57
13.89
13.37
12.58
12.17
12.15
12.61
12.64
12.55
12.60
12.76
12.29
12.98
13.19
12.80
12.54
12.92
12.61
12.87
12.59
13.50
12.80
12.28
13.19
13.12
13.04
12.34
12.60
13.05
13.26
13.19
12.27
12.89
13.15
12.80
12.56
12.31
12.30
11.27
12.86
12.41
12.21
12.56
12.86
12.88
12.97
13.00
12.39
12.67
12.60
12.73
13.87
12.26
18.83
14.43
12.55
13.28
13.43
13.55
13.13
12.01
13.01
12.91
11.93
11.48
12.68
12.94
12.37
13.51
13.05
13.47
13.10
12.08
12.94
13.79
13.77
12.76
13.02
12.89
12.71
12.87
12.30
12.72
12.62
12.90
13.24
12.77
13.12
13.10
12.42
12.63
12.42
13.25
12.76
12.63
13.33
12.49
12.95
12.71
13.17
12.79
12.74
13.36
13.07
12.20
12.93
13.63
13.30
12.36
12.49
13.06
12.84
12.84
11.95
12.61
12.32
13.43
12.88
13.36
12.96
12.79
12.67
11.48
12.15
12.51
13.17
13.77
12.96
12.17
12.69
13.00
13.36
13.64
12.53
13.83
13.24
13.75
13.06
14.16
13.38
12.98
12.99
19.73
13.60
13.15
12.41
13.12
12.66
13.47
14.15
14.50
13.69
13.81
13.46
13.99
14.02
13.56
13.20
13.62
13.89
13.35
13.02
12.85
12.38
13.54
13.92
12.63
12.50
14.17
12.94
12.81
12.62
13.31
12.93
12.97
13.04
12.71
13.09
13.13
12.79
12.17
12.22
13.02
12.63
12.63
12.39
13.15
12.57
12.90
13.21
13.63
12.51
12.73
12.61
12.56
13.20
12.55
13.06
13.97
14.15
13.04
12.84
12.72
12.38
13.11
13.54
12.95
12.34
13.20
13.87
12.80
12.62
12.90
12.93
12.11
12.40
12.37
13.61
14.01
12.97
12.30
12.64
12.25
12.72
13.22
12.99
12.63
12.80
12.32
12.75
12.34
12.73
12.51
13.12
12.31
12.72
12.86
12.60
12.10
12.02
12.94
13.16
13.70
13.37
13.01
13.17
12.72
12.82
12.77
13.68
13.53
13.42
13.58
13.53
13.23
12.90
12.39
12.48
12.04
12.65
13.15
12.43
12.85
13.20
12.33
11.82
12.81
12.39
12.49
12.69
13.43
12.83
11.78
12.53
12.44
12.72
13.47
13.29
12.97
12.89
12.85
12.93
13.02
12.71
12.98
12.41
13.30
12.84
11.97
12.96
12.68
12.97
12.92
12.96
13.12
13.22
12.84
13.62
12.83
12.48
13.56
12.69
13.33
12.58
13.28
12.99
12.64
12.76
12.32
11.97
12.21
12.54
13.64
13.20
12.77
13.23
12.48
12.67
12.78
13.16
12.84
11.95
12.93
13.08
12.57
13.24
13.35
12.89
12.75
13.43
12.25
12.96
12.90
13.34
11.66
11.46
11.94
12.66
13.46
13.55
14.15
14.19
13.44
13.19
13.36
12.32
12.06
12.89
13.84
14.08
13.51
13.49
12.45
12.74
13.34
12.57
12.20
12.81
12.33
12.71
19.81
14.15
13.44
13.04
13.00
13.16
13.58
13.10
12.58
12.58
12.57
12.99
12.98
12.69
12.24
12.89
13.18
12.61
11.87
12.17
13.16
13.17
12.67
13.09
12.90
12.88
13.07
12.72
12.52
12.10
12.44
11.97
12.19
12.69
12.94
13.31
13.22
12.70
12.59
12.38
11.84
11.80
13.30
12.45
12.18
12.41
13.14
12.69
13.38
12.21
12.34
13.81
14.02
13.19
13.52
12.31
12.57
12.22
12.54
12.66
12.60
12.42
13.24
12.77
18.88
12.80
11.95
13.11
12.99
12.56
11.68
12.27
13.63
13.24
12.10
13.39
12.46
12.51
13.00
13.13
13.16
12.22
12.88
12.51
12.71
12.57
12.37
12.68
12.95
13.21
12.74
12.01
13.16
12.19
12.47
13.15
12.55
12.79
12.67
12.80
14.04
12.77
13.58
13.34
12.24
13.38
13.58
14.16
13.63
13.45
12.85
12.53
13.11
13.38
13.43
12.42
12.58
13.15
12.46
12.43
12.32
12.75
12.96
12.48
12.65
12.06
12.97
12.21
13.01
12.54
11.80
12.57
12.87
12.72
12.65
13.67
12.26
12.18
13.22
12.41
12.77
13.25
12.77
13.36
13.20
12.84
12.51
13.41
13.19
12.69
11.98
12.63
12.58
14.00
12.26
12.91
12.77
13.80
13.12
13.27
13.25
12.85
13.33
13.62
13.23
12.70
13.11
12.84
12.65
13.18
12.84
12.12
13.01
13.25
12.73
12.42
12.33
13.07
12.94
12.68
13.11
12.51
12.61
12.85
12.54
12.46
12.24
13.17
13.46
13.06
12.73
13.55
13.98
13.03
12.74
12.80
13.21
13.34
13.81
12.88
12.46
13.18
12.84
12.76
12.07
12.57
12.71
13.14
13.01
12.83
12.75
12.68
13.09
12.85
12.79
12.70
12.86
12.64
12.51
12.01
12.23
12.40
12.37
12.95
13.28
13.30
12.98
12.55
12.95
12.74
13.29
13.79
13.80
12.35
12.81
13.05
12.90
12.02
11.98
11.97
13.58
11.74
12.07
12.78
12.81
12.65
13.27
12.78
12.65
19.61
13.41
13.09
13.68
14.36
13.86
13.52
13.50
14.04
14.12
11.96
12.33
12.80
13.10
12.38
12.79
13.08
13.40
13.76
13.09
12.87
13.08
13.38
13.26
13.23
13.23
12.84
12.93
12.87
12.86
12.30
12.04
12.51
12.75
12.21
13.16
12.48
12.61
13.42
13.07
12.93
12.84
12.58
11.94
12.10
12.65
12.80
12.86
13.19
13.16
12.59
13.04
12.36
12.33
12.32
12.96
12.94
13.41
13.10
12.11
12.72
13.48
13.27
13.45
12.83
12.87
13.15
12.39
12.60
11.92
11.87
11.63
12.16
12.26
12.37
13.05
12.77
12.72
13.10
12.08
12.88
11.98
11.68
12.53
12.45
13.12
12.59
12.82
12.89
12.08
12.86
13.35
12.07
12.85
12.90
13.71
14.08
12.99
12.04
12.92
13.04
12.45
12.40
12.80
11.88
12.37
13.64
12.23
13.09
12.93
12.75
12.84
13.41
12.98
13.15
13.51
13.61
13.45
13.56
13.57
12.44
12.54
12.61
12.56
13.41
13.34
12.57
12.29
12.14
11.96
12.54
13.50
12.91
12.70
13.11
13.45
12.82
13.32
13.57
12.66
12.69
13.52
12.86
13.14
13.11
12.20
13.09
13.06
13.70
12.97
13.59
12.98
12.71
12.61
12.16
12.79
12.24
12.24
13.13
13.20
13.22
12.26
12.90
14.06
14.68
13.99
12.81
12.48
11.97
13.79
12.88
13.10
12.09
12.35
12.82
12.64
12.53
12.99
13.47
13.30
13.25
12.27
12.18
13.11
12.97
13.27
12.34
12.32
12.90
13.32
13.14
12.64
14.13
13.35
11.98
12.01
12.91
12.77
13.16
13.65
13.44
13.67
13.32
12.41
12.08
12.90
12.72
12.17
12.02
12.08
12.91
12.16
11.91
12.50
12.51
13.40
12.83
11.59
12.48
12.21
12.50
12.53
12.37
12.75
13.39
12.40
13.41
12.96
12.93
12.72
12.74
13.52
13.48
12.85
13.02
13.54
13.55
12.72
12.61
12.07
11.74
12.74
12.84
12.52
12.21
11.97
13.55
13.11
13.69
13.77
13.31
13.84
13.13
13.61
13.68
12.48
12.86
12.94
13.43
13.43
13.10
12.82
19.02
12.81
11.60
13.15
12.55
12.36
12.88
13.19
13.53
13.23
12.64
13.02
13.03
13.21
13.02
13.39
13.49
12.58
13.01
12.69
12.46
12.96
12.73
12.42
13.14
13.31
13.19
12.72
12.75
12.38
11.84
12.08
13.13
14.08
12.91
12.62
12.79
13.44
14.47
12.93
12.98
13.72
12.97
12.99
13.09
13.17
12.09
13.94
13.49
13.63
12.53
13.19
12.89
12.51
12.27
12.72
13.69
13.91
13.77
13.06
12.83
12.53
12.43
12.61
12.69
12.38
11.34
12.29
13.81
11.76
12.60
12.29
12.52
12.35
12.54
11.55
12.27
12.20
12.31
12.75
11.96
12.29
12.11
12.92
13.38
12.62
13.43
13.13
12.25
12.55
12.65
11.89
12.39
12.88
12.52
12.72
13.33
14.57
13.12
12.52
13.21
12.71
12.97
12.76
14.00
12.94
13.10
12.76
12.41
13.27
12.71
12.14
12.40
13.14
12.33
13.15
13.50
11.76
12.85
13.67
13.49
13.62
13.46
11.89
13.80
12.56
13.35
12.68
12.73
13.86
12.89
12.47
11.93
12.65
13.23
12.79
12.35
12.40
13.22
13.39
12.60
12.71
13.12
13.16
12.72
12.46
12.35
12.99
14.01
13.39
12.22
12.41
13.17
12.64
12.47
12.15
12.25
13.47
13.25
13.10
12.83
12.65
13.39
12.46
12.63
11.79
12.91
12.91
12.71
12.66
12.29
13.07
13.63
13.87
12.76
12.94
12.65
13.11
12.37
11.92
13.47
12.57
12.91
11.58
11.80
12.10
13.01
13.26
12.69
12.82
12.67
12.76
13.15
13.60
12.57
12.28
12.55
12.57
12.62
13.47
13.66
11.74
12.82
13.05
13.64
13.31
13.28
12.80
11.79
11.82
12.01
12.68
11.88
12.97
12.79
12.31
12.53
12.68
13.48
13.41
12.94
13.11
12.71
11.83
12.86
12.87
19.28
12.91
13.03
13.81
12.91
13.00
12.70
12.99
11.94
12.43
13.62
12.62
13.15
12.38
12.86
13.01
11.94
14.06
12.74
13.20
13.01
12.44
12.77
13.16
12.44
12.90
12.72
13.68
12.35
11.67
12.66
12.47
12.72
13.08
13.66
13.43
12.60
13.15
12.51
12.55
12.46
13.16
11.56
12.28
12.95
13.19
12.34
12.11
12.42
13.00
12.69
12.25
13.01
13.22
12.79
13.10
12.57
11.62
12.17
12.24
13.58
13.66
12.88
13.69
12.37
11.79
12.83
12.30
12.43
12.83
12.75
12.64
12.87
13.26
13.29
12.93
12.34
12.39
12.45
13.47
13.42
13.13
12.55
13.06
13.24
12.64
12.06
12.02
12.32
13.06
13.40
13.09
12.72
12.76
13.31
13.07
13.18
13.75
13.07
13.58
12.67
11.83
12.72
12.60
12.30
11.41
12.89
12.90
12.65
12.88
12.27
12.73
12.40
13.68
13.17
12.80
13.60
11.92
12.35
12.98
13.62
13.78
13.00
12.19
13.20
12.73
13.20
12.75
12.47
11.80
13.65
13.45
13.19
12.79
12.95
12.01
12.50
13.35
12.61
13.36
13.85
14.24
13.15
14.08
12.71
12.20
13.43
13.42
13.52
12.76
12.59
13.84
12.92
12.75
12.54
12.48
13.02
13.68
12.32
12.51
13.17
12.48
12.64
13.63
12.54
12.28
13.35
13.01
13.37
13.11
13.24
13.06
13.14
13.65
13.87
12.72
12.75
13.31
11.99
12.77
13.26
13.87
13.57
13.41
13.41
13.29
11.97
11.80
12.64
12.28
11.75
12.34
13.42
13.39
12.62
12.51
12.80
12.69
12.75
12.62
12.62
12.30
12.31
12.97
12.41
12.43
12.30
12.73
12.40
12.76
11.71
12.45
11.87
12.66
12.58
11.69
13.00
12.64
12.87
12.81
12.88
13.04
12.23
12.69
11.19
11.36
11.66
12.27
11.53
12.14
12.32
13.26
12.92
13.15
13.21
12.66
13.13
13.50
12.75
13.09
13.02
11.98
12.66
13.64
13.15
12.73
12.39
13.43
12.98
11.59
12.16
12.78
12.74
13.29
12.31
13.37
12.40
12.08
12.51
12.42
13.56
13.97
12.77
13.71
13.10
12.96
13.42
12.55
12.45
13.71
12.30
13.02
12.85
12.18
12.68
12.78
12.96
13.74
12.58
12.16
12.70
12.40
12.10
13.09
13.35
13.21
11.85
12.97
12.83
11.61
12.51
12.72
12.54
12.13
13.22
11.92
13.53
12.87
13.11
12.84
12.41
12.96
13.53
12.95
12.87
12.47
12.70
13.54
12.58
12.16
12.07
12.60
13.30
14.09
12.63
13.65
12.99
12.49
13.13
12.36
12.45
13.16
12.85
13.15
13.35
11.70
12.84
12.07
18.71
13.39
12.31
13.18
13.23
13.09
13.68
11.91
11.87
12.56
13.02
12.66
12.79
13.07
12.43
12.36
12.90
12.92
12.39
12.93
13.56
12.86
13.01
12.62
12.97
12.08
12.95
12.68
12.44
11.91
12.67
12.75
11.67
12.22
12.77
11.76
12.46
12.58
12.44
11.05
12.34
12.15
12.95
12.98
12.42
11.95
12.57
12.89
13.17
12.28
13.39
12.53
12.74
13.34
13.52
14.39
12.58
12.33
13.20
13.42
13.81
12.91
13.35
12.78
12.99
13.97
12.64
12.75
13.48
13.34
13.52
13.33
12.98
12.53
12.86
12.74
12.84
13.36
13.19
13.41
12.79
12.79
13.20
12.76
13.05
13.62
13.10
13.19
12.47
12.39
11.88
12.97
12.55
11.72
11.62
12.07
12.72
12.22
12.51
11.91
13.27
13.45
13.29
12.55
12.36
11.88
12.39
12.82
13.54
12.70
12.08
11.98
12.47
12.62
13.08
12.76
12.53
11.81
12.26
12.95
12.38
12.55
13.60
13.82
12.96
12.00
13.81
12.59
12.32
13.31
13.04
13.60
13.32
13.38
12.22
12.66
12.90
12.30
12.72
12.80
11.85
12.75
12.54
11.34
11.21
12.39
11.84
12.00
12.06
13.20
12.44
13.29
12.67
12.27
12.86
12.63
12.98
13.18
13.22
12.50
13.67
12.78
12.13
12.70
12.31
13.47
13.12
13.24
12.31
13.04
13.71
13.51
12.73
13.20
13.34
13.14
14.51
13.70
12.76
12.93
13.35
13.71
13.30
12.59
12.81
12.46
12.81
13.29
12.68
12.67
12.12
12.45
12.58
12.26
12.42
12.49
12.14
11.90
12.03
12.72
13.41
13.20
13.65
12.81
12.91
12.42
12.70
12.15
11.48
12.21
13.14
12.13
12.41
12.75
13.02
13.41
13.72
13.14
12.80
12.52
13.08
13.03
12.93
13.31
13.21
13.28
13.56
11.96
11.87
12.15
12.57
13.20
13.09
11.59
12.64
11.81
11.71
13.31
12.76
12.23
12.47
12.42
12.85
12.03
11.84
12.17
12.50
13.36
13.40
13.51
13.18
12.68
12.93
13.17
12.85
11.93
12.71
12.31
12.88
12.36
12.32
13.52
13.12
12.78
13.51
13.45
13.12
12.60
13.19
12.44
12.00
12.77
12.62
13.50
13.17
12.16
12.42
13.22
12.48
12.63
11.99
13.44
12.98
13.39
12.93
11.77
12.56
12.40
12.43
13.36
13.16
14.18
14.29
13.86
13.14
12.86
13.45
12.92
13.47
13.46
13.61
12.78
13.35
13.26
13.39
13.66
13.05
12.47
13.51
13.62
13.58
13.36
13.01
13.61
12.11
12.97
12.62
12.03
12.29
12.87
12.32
12.61
12.30
13.18
12.88
12.65
12.00
12.31
12.64
13.39
12.48
12.28
12.40
12.68
12.03
12.74
12.45
12.73
12.42
12.69
13.73
13.12
11.64
11.71
12.40
12.98
12.40
12.67
11.51
12.06
13.76
12.87
12.70
12.78
13.17
12.51
12.34
12.45
13.20
12.63
13.23
13.15
12.57
13.74
13.38
12.44
12.42
11.84
12.76
12.69
12.40
12.46
13.34
14.24
13.81
13.81
12.79
12.09
13.20
13.37
13.82
12.50
13.22
13.26
13.07
12.94
13.59
13.70
12.58
12.50
12.74
12.37
12.30
12.88
12.51
11.88
12.35
13.71
13.52
13.18
12.57
12.80
12.93
12.54
12.72
13.18
12.84
12.49
12.45
12.56
12.13
12.30
12.28
11.62
11.83
12.90
13.55
12.58
12.68
13.58
12.97
12.27
13.16
12.98
12.43
12.84
12.18
12.02
13.03
12.62
12.07
11.38
12.33
13.14
13.58
13.55
12.90
13.19
12.52
12.51
19.70
13.10
12.62
13.27
13.56
13.55
13.56
13.08
13.09
13.91
13.93
12.98
12.52
11.68
11.59
12.51
12.65
12.33
12.24
12.13
12.59
11.86
12.39
13.10
12.92
12.99
12.44
11.98
11.64
12.76
13.03
13.32
11.64
12.26
12.00
12.48
12.73
13.22
13.28
13.53
12.11
13.38
12.80
13.46
13.40
13.17
12.38
12.86
12.24
12.95
13.17
13.04
12.58
12.60
12.48
11.58
11.99
12.95
12.13
12.30
13.07
12.54
12.71
12.85
13.73
13.81
13.18
14.16
13.58
13.33
12.36
11.80
13.01
13.47
12.46
11.86
13.43
12.88
13.25
12.48
12.83
12.70
12.57
13.15
12.63
12.89
13.43
12.86
12.86
12.09
12.70
12.90
12.41
13.08
13.59
13.23
12.87
12.99
12.65
12.57
13.39
13.51
13.91
12.74
12.17
13.10
13.38
13.58
13.32
13.50
13.81
13.09
12.85
12.90
13.20
13.45
12.81
13.70
13.62
12.89
13.24
13.06
13.02
11.52
12.81
12.45
13.05
12.35
12.75
13.43
12.95
13.62
14.09
14.06
13.13
12.17
12.22
12.80
12.61
12.61
12.34
12.85
13.27
13.03
12.37
12.40
13.03
12.91
12.89
12.97
12.86
12.97
13.46
13.10
13.52
12.93
13.30
13.88
13.18
12.31
12.75
12.86
13.37
13.55
12.76
12.90
12.79
13.04
12.02
12.85
11.54
12.34
12.94
12.71
12.36
12.80
13.06
13.05
12.90
12.36
12.49
12.91
13.43
13.07
13.08
12.55
12.51
11.94
12.87
13.16
13.28
13.90
12.72
13.19
13.58
12.53
12.61
12.55
12.71
14.28
13.14
13.55
13.00
12.40
12.05
12.29
13.01
13.63
14.19
13.07
13.17
12.34
13.65
13.50
13.11
12.91
12.73
13.25
13.31
13.08
12.67
13.25
13.27
13.34
14.04
13.00
12.19
12.84
12.79
13.20
12.81
12.80
13.49
14.04
12.29
12.45
12.85
13.59
13.72
12.48
13.38
13.44
12.89
12.56
12.95
12.09
12.76
13.06
13.24
13.01
12.46
13.18
14.06
14.58
13.04
13.38
12.78
13.33
12.87
13.25
13.14
12.52
12.88
13.59
12.90
12.53
13.04
13.19
12.69
11.78
12.17
12.51
13.58
12.90
12.75
12.22
12.90
12.94
13.38
12.83
12.47
12.45
12.68
12.01
12.65
12.69
12.31
13.60
12.21
12.86
12.34
13.23
12.92
13.58
13.08
12.38
13.48
13.02
13.73
13.29
13.08
12.76
12.69
11.90
13.86
13.19
12.91
13.40
12.79
12.79
12.81
13.00
12.79
12.20
12.47
12.95
12.85
12.84
12.69
13.08
12.88
12.81
12.63
12.04
12.46
12.91
13.01
13.64
12.97
13.31
12.96
12.58
12.37
13.18
13.48
12.61
13.84
13.28
12.94
12.80
12.65
13.19
12.82
13.07
12.89
13.19
13.96
12.55
13.42
12.82
12.90
13.42
13.16
12.79
13.81
12.69
13.20
12.84
12.91
12.54
12.80
12.84
12.68
12.24
12.96
12.77
12.94
12.17
12.02
12.23
11.99
13.16
12.77
12.59
12.67
12.57
13.25
13.35
12.58
12.38
12.68
12.34
12.13
12.16
12.34
11.84
11.86
11.95
12.35
12.74
12.79
13.43
12.96
12.63
12.67
13.21
12.74
13.46
12.92
12.36
12.88
13.17
13.25
12.64
13.24
12.57
12.19
12.08
13.23
12.89
13.28
13.14
13.37
12.88
12.43
13.09
13.27
13.00
13.86
13.07
13.20
12.77
12.91
12.43
12.72
13.20
11.98
12.84
11.90
12.19
12.10
12.06
12.48
12.76
13.15
13.64
13.53
13.79
13.20
13.51
12.39
12.07
12.97
13.32
12.57
12.16
13.08
13.25
13.30
13.79
12.74
12.36
12.32
13.98
13.85
14.56
13.15
13.25
13.10
13.71
13.37
19.23
13.59
12.85
13.28
13.50
12.94
13.00
13.76
13.41
12.95
12.72
13.13
13.10
12.94
12.50
14.01
11.42
13.26
12.74
12.70
13.70
13.34
12.98
12.30
13.46
13.79
12.26
12.94
12.16
19.14
14.14
11.65
12.64
12.95
13.29
13.97
12.73
12.98
13.44
13.53
12.92
13.04
13.10
14.67
13.98
12.67
13.14
12.79
12.82
12.46
12.44
11.45
13.06
12.36
12.93
13.03
14.14
13.10
13.58
13.11
13.27
12.81
12.50
12.85
12.62
12.78
12.51
12.53
12.92
12.83
13.40
12.35
13.17
13.01
13.24
14.06
13.56
13.81
13.05
13.68
13.33
13.44
12.96
11.80
13.21
12.93
12.39
13.14
13.45
11.43
12.52
13.14
12.96
12.26
12.76
13.56
13.31
13.46
12.73
13.50
12.91
12.79
13.19
12.56
12.66
13.35
12.68
13.30
12.78
13.07
12.82
12.36
11.61
11.80
12.76
12.84
13.03
12.48
12.20
12.59
12.11
13.00
12.72
12.49
11.32
12.53
13.09
13.22
12.07
13.18
14.21
13.18
13.93
12.69
12.88
13.59
12.92
13.15
13.56
12.51
12.70
12.76
12.73
12.95
12.44
12.53
13.01
12.86
12.99
12.95
12.34
13.27
13.00
13.89
13.26
13.57
12.63
13.11
12.81
12.89
12.05
11.05
11.96
12.33
11.91
12.59
12.65
13.08
13.63
13.09
13.66
13.68
13.53
12.72
12.47
13.11
13.00
12.56
12.96
12.05
12.67
12.25
12.51
12.78
12.19
12.52
12.67
13.48
12.52
12.74
11.94
12.64
12.48
12.54
12.14
12.77
12.66
13.29
12.16
12.84
12.58
12.92
12.39
12.61
13.48
13.09
12.28
12.78
12.75
12.28
13.23
12.47
12.81
12.41
12.98
13.41
13.41
13.41
13.20
11.99
12.41
12.59
13.27
13.11
12.29
12.38
11.95
13.03
12.32
11.97
12.59
12.27
12.70
12.51
11.97
12.42
12.38
12.16
12.43
12.30
13.39
12.24
12.78
14.06
13.15
12.44
12.60
12.71
12.38
12.40
12.18
12.76
12.16
12.75
12.47
11.62
12.79
12.84
13.03
12.70
12.73
13.47
13.10
13.12
12.88
13.21
11.90
12.88
12.77
12.49
11.93
12.12
12.51
13.87
13.28
13.32
13.02
12.85
12.78
13.06
13.33
13.39
13.29
12.09
12.49
12.77
12.36
12.63
13.08
13.29
12.52
12.93
12.41
13.05
13.22
12.95
12.52
12.75
12.98
13.05
14.02
13.84
12.55
12.88
12.16
12.96
12.62
12.29
13.17
13.96
12.61
12.23
12.36
12.83
13.18
13.39
13.15
13.00
12.59
14.29
12.87
12.50
12.80
12.94
13.87
13.47
13.16
12.10
12.65
12.73
12.33
12.59
12.37
12.50
13.70
12.15
12.73
13.55
12.40
13.18
12.51
12.75
12.84
13.57
13.20
13.84
13.55
15.12
13.34
13.35
12.41
12.78
13.46
13.34
13.51
13.24
13.06
12.51
12.22
12.55
12.15
12.29
14.83
13.10
14.09
13.02
13.11
13.25
13.34
13.15
13.02
13.30
12.79
13.03
12.69
12.09
13.37
13.14
13.10
12.64
13.14
13.89
12.64
12.44
13.55
13.49
13.30
13.42
13.08
13.48
12.78
12.70
12.22
11.89
11.80
12.13
12.17
12.57
12.83
11.66
12.14
11.51
12.81
12.15
12.91
12.89
12.70
12.43
11.56
13.12
12.77
13.00
13.85
14.17
13.44
12.81
12.77
12.95
12.32
12.86
12.18
12.27
12.64
12.21
13.03
12.96
13.32
13.54
13.28
14.05
13.65
13.94
14.01
13.10
12.68
12.43
13.02
12.17
12.25
11.83
12.44
13.00
12.65
12.84
13.06
12.82
12.55
12.42
12.80
13.69
13.07
12.39
12.08
13.32
13.88
13.64
13.05
13.69
13.50
14.07
12.54
12.62
12.60
12.75
13.01
12.12
12.87
14.00
12.79
12.81
13.65
14.02
14.51
13.35
13.02
12.96
13.65
13.26
12.91
12.88
12.96
12.65
13.62
14.30
12.30
13.03
12.09
13.00
13.69
12.54
13.06
13.15
12.95
12.90
12.73
13.63
13.74
13.52
12.63
12.30
12.83
14.33
13.95
13.65
13.17
12.87
19.06
12.88
13.25
13.37
13.78
13.12
12.77
12.79
13.71
20.73
14.32
13.50
20.86
14.53
13.46
13.66
12.39
12.71
13.45
14.26
14.23
13.27
12.46
13.30
13.61
12.85
13.01
19.74
13.56
12.40
14.04
13.87
14.03
13.21
12.61
13.58
13.15
13.93
14.33
12.46
11.88
12.33
13.00
13.06
12.73
12.18
12.76
12.72
12.61
11.66
12.15
12.61
12.06
12.42
18.89
13.13
12.14
11.89
12.35
13.54
13.73
13.26
12.52
12.64
11.91
12.09
12.98
12.77
12.55
12.83
13.52
13.29
12.03
18.21
13.53
13.18
11.84
14.04
14.01
13.92
13.57
13.05
13.74
13.34
12.61
13.01
12.76
12.65
12.67
12.55
13.51
13.40
13.08
12.29
12.87
13.16
12.30
12.72
12.78
12.85
12.77
12.28
12.54
12.43
12.10
12.24
12.87
12.57
13.07
11.92
12.16
12.60
13.22
13.20
13.00
12.86
12.91
13.31
12.19
12.05
13.27
13.18
12.17
11.70
12.76
12.82
12.25
13.20
12.67
18.95
12.51
12.73
13.26
13.45
13.05
13.39
13.77
13.66
13.74
12.64
11.81
13.24
14.44
13.23
12.68
13.59
12.68
12.36
12.56
12.53
12.42
13.10
12.64
13.17
12.46
12.37
12.19
12.58
13.15
12.87
13.71
13.11
13.27
12.14
12.00
12.50
12.88
13.26
13.33
12.19
12.16
13.07
13.31
12.70
12.15
11.68
12.01
12.33
12.17
12.81
12.69
11.78
13.24
13.22
13.30
12.83
12.42
13.21
12.98
12.78
13.28
12.64
12.68
12.84
12.20
12.83
12.71
13.21
12.18
12.26
13.53
13.84
12.77
12.94
12.55
12.64
13.74
12.61
12.34
12.59
13.28
11.87
12.29
12.41
12.33
12.34
13.00
13.16
12.71
12.77
12.94
12.46
13.18
13.77
13.32
12.79
12.92
13.12
13.05
12.94
13.30
13.36
13.17
13.73
12.69
13.77
13.37
12.74
13.11
12.79
13.54
13.10
11.95
12.64
13.12
12.59
12.19
12.67
12.77
12.82
12.56
12.56
13.20
13.55
13.00
11.79
12.65
12.61
12.38
12.38
13.27
13.21
12.30
12.35
12.97
12.67
13.65
13.82
12.67
13.06
13.11
13.36
12.36
12.47
12.78
12.66
12.85
12.12
13.11
12.89
12.28
13.87
13.51
13.15
13.67
13.31
12.65
12.77
11.62
12.21
12.44
12.75
12.99
13.08
12.68
12.28
12.95
13.82
12.68
13.02
12.70
12.96
13.44
13.72
13.95
13.83
14.21
13.89
13.65
13.96
13.35
13.65
13.28
13.03
12.87
12.11
12.09
12.86
14.21
13.48
13.30
13.30
12.70
18.95
12.83
11.94
13.15
13.44
12.36
13.30
13.78
12.18
12.12
12.73
12.21
12.91
12.96
12.91
11.47
12.07
12.56
12.03
12.78
12.66
12.48
12.98
12.93
12.33
12.66
13.15
12.54
12.16
12.62
12.03
12.86
12.42
12.82
12.68
12.86
13.26
13.72
13.76
13.74
12.92
12.70
13.15
13.65
13.62
13.29
13.04
12.59
12.18
12.94
12.72
12.90
13.08
13.02
11.60
13.01
13.17
13.50
12.61
12.50
12.62
12.34
12.25
12.63
14.01
13.52
13.08
12.48
12.29
12.07
14.02
13.98
13.72
13.02
12.68
13.88
13.05
13.54
13.76
13.70
12.51
12.34
12.69
13.13
12.91
13.07
11.91
13.20
12.48
13.41
14.12
13.10
12.48
12.43
12.88
12.17
11.75
13.26
12.94
12.22
12.55
12.45
11.72
12.34
12.26
12.85
12.69
13.23
12.91
12.25
13.57
13.25
13.48
12.28
12.09
13.08
13.45
13.33
12.65
13.06
11.95
12.56
12.64
12.62
12.29
11.90
12.47
13.71
12.57
12.83
13.88
13.20
12.44
13.80
12.68
12.33
12.68
12.65
13.13
12.67
13.05
13.08
13.47
12.30
12.92
13.62
12.85
13.28
12.68
13.11
13.39
14.25
12.96
12.74
12.35
13.15
12.93
13.26
12.50
13.42
12.62
11.35
12.68
12.37
12.38
12.68
12.52
13.08
12.52
12.99
12.48
12.31
12.26
12.95
13.68
13.24
13.02
14.02
13.98
13.87
13.39
13.00
12.03
12.53
12.58
12.02
11.60
12.42
13.08
11.70
12.34
12.25
13.11
13.94
13.61
13.46
13.29
14.05
13.65
13.78
12.62
13.42
12.18
12.59
13.23
13.09
12.91
13.22
14.19
12.79
12.87
11.82
12.69
12.70
12.70
12.42
12.92
12.86
13.51
12.54
13.25
12.67
13.46
12.98
12.60
19.12
13.20
12.83
13.23
12.60
13.96
13.69
13.15
12.91
12.46
12.89
13.47
13.29
13.13
13.34
12.90
12.63
12.73
12.86
12.87
12.55
12.75
12.88
12.42
13.50
12.63
12.44
12.06
12.37
12.96
12.73
13.00
13.37
14.17
13.72
13.54
14.28
13.74
20.34
13.16
13.22
13.50
13.39
14.30
12.80
12.20
12.96
12.89
13.04
12.38
12.78
12.47
12.59
13.54
13.45
12.79
12.23
13.14
12.46
12.62
13.31
13.79
12.17
12.46
13.21
13.69
13.22
12.35
12.53
12.49
12.82
12.23
12.69
12.04
12.13
12.63
13.32
13.26
12.66
12.43
12.72
12.97
12.86
12.65
12.44
12.86
13.29
12.54
12.91
13.08
13.91
11.87
12.01
11.74
12.50
13.84
14.21
13.69
13.39
19.22
13.16
13.06
13.16
13.11
13.82
13.19
14.74
12.40
13.50
13.67
13.59
14.24
13.81
13.49
12.58
13.74
12.71
13.30
14.13
13.26
13.22
12.77
13.48
13.88
13.71
12.86
13.15
13.37
13.00
12.44
11.72
12.06
12.54
13.13
11.98
12.08
12.42
12.98
12.99
13.00
14.41
12.70
12.36
12.36
12.98
12.07
13.08
12.83
12.96
12.20
12.98
13.48
12.88
12.76
12.34
13.56
14.14
14.02
13.21
13.12
19.74
13.05
11.61
13.51
13.84
13.54
13.22
13.40
13.31
12.48
13.20
12.95
13.23
12.17
12.44
12.67
13.35
13.76
14.07
12.48
13.15
12.58
12.64
13.32
12.47
12.51
13.39
13.73
12.85
12.94
13.16
12.52
11.77
11.77
12.23
12.13
12.63
13.32
13.56
12.90
12.37
12.00
12.84
12.63
12.56
13.54
12.20
11.22
12.67
12.95
13.72
13.27
12.59
13.53
12.70
13.05
12.27
12.93
11.66
13.52
12.79
12.49
12.34
11.85
12.27
12.31
12.30
12.87
13.28
12.94
12.45
12.66
12.14
12.90
13.23
13.08
12.70
12.16
11.60
13.09
12.75
13.46
13.15
12.13
12.31
12.34
13.27
13.28
13.06
12.73
13.22
13.39
12.75
12.58
13.16
12.78
13.07
12.29
12.28
12.92
12.65
13.29
13.25
19.37
14.17
12.77
13.39
13.49
13.61
13.76
12.58
12.98
12.97
12.25
13.24
12.83
13.29
12.87
12.61
12.68
12.71
12.60
13.23
13.35
12.32
12.38
13.11
13.31
12.57
13.91
13.12
12.37
12.66
12.17
13.10
19.52
13.44
12.38
12.95
13.37
13.26
12.62
12.97
12.53
12.50
12.92
12.47
13.15
12.29
12.31
12.19
12.19
12.67
12.44
12.65
12.60
12.45
12.98
12.76
13.26
13.30
12.59
13.13
12.21
12.75
12.82
12.38
12.99
13.64
13.31
13.38
13.09
13.26
13.20
12.85
13.08
12.62
12.29
12.88
13.94
13.60
13.19
12.55
12.58
12.82
12.02
12.01
13.56
12.98
12.76
12.26
12.73
12.64
12.44
12.17
12.34
12.38
12.52
13.15
12.70
12.15
12.14
12.61
12.66
13.27
13.89
12.55
12.72
12.95
13.04
12.86
12.53
13.31
13.03
12.87
13.09
12.95
12.01
13.16
12.12
12.93
11.92
12.95
12.56
12.64
19.24
13.04
12.92
12.82
12.84
12.76
12.56
12.40
12.60
11.66
12.97
12.13
12.84
13.91
13.96
12.81
12.24
12.33
12.46
12.50
12.88
12.84
12.73
12.66
12.94
12.82
13.22
13.42
12.81
13.22
12.62
11.80
13.50
12.92
13.49
13.16
13.80
13.47
12.45
12.87
13.38
13.37
12.07
12.80
14.00
19.02
13.48
13.16
11.98
12.43
11.61
12.87
13.38
12.81
13.76
13.40
12.47
12.24
14.31
12.97
12.74
11.50
12.90
14.15
15.34
12.99
13.03
13.42
12.78
12.66
13.81
12.67
13.06
13.11
12.38
12.51
12.35
12.48
12.96
13.08
13.90
13.50
12.94
12.85
13.12
12.81
13.60
13.75
12.96
12.55
13.49
12.53
13.09
12.84
12.31
13.39
13.11
13.02
12.60
13.24
13.20
13.93
13.45
13.14
13.79
13.04
13.58
13.28
13.85
13.68
12.10
12.27
12.33
13.15
19.80
12.07
12.14
13.12
13.68
13.62
13.17
14.09
12.78
12.85
12.56
12.68
12.56
12.80
12.60
12.92
13.70
13.07
12.73
13.08
12.83
12.90
12.65
13.12
12.93
13.91
14.16
12.76
13.65
13.42
13.15
12.45
12.43
12.90
13.11
13.37
13.50
12.49
12.67
13.00
14.09
12.77
12.19
12.51
13.45
13.25
13.14
12.24
12.60
12.60
12.33
12.92
12.73
12.76
12.43
12.29
12.93
11.19
12.79
12.93
12.90
12.91
12.91
19.99
12.96
12.31
12.44
13.09
13.46
12.49
12.32
12.42
13.24
12.95
13.17
12.80
13.44
13.71
13.05
12.79
13.52
13.77
13.92
13.41
13.32
12.60
12.23
12.18
12.61
12.38
12.95
12.78
13.29
13.72
13.88
13.34
12.37
12.83
13.75
12.99
12.78
11.73
12.91
12.83
12.49
13.64
13.09
13.24
12.85
13.03
12.87
13.06
13.19
13.22
12.79
13.17
13.53
13.07
13.34
13.20
13.75
13.15
12.77
13.00
12.95
12.98
12.67
12.32
12.71
13.63
12.38
12.01
12.13
11.78
11.86
12.75
13.63
12.72
13.29
13.38
13.10
12.18
12.12
12.51
12.51
12.23
12.46
12.78
13.78
13.33
13.05
12.94
11.91
13.00
12.68
11.88
11.98
11.82
13.04
12.24
12.62
13.12
12.75
13.04
11.89
13.15
11.63
11.77
12.63
13.51
14.71
12.98
13.59
13.06
12.81
12.58
12.86
13.15
13.66
13.11
12.68
13.14
12.58
12.45
12.45
12.51
12.78
12.69
13.33
13.10
12.87
12.90
13.04
13.47
12.89
12.82
12.73
12.94
13.08
12.78
12.77
13.18
13.05
14.66
20.43
12.64
12.63
12.29
13.14
12.49
14.60
14.25
13.84
13.52
13.51
13.26
13.00
12.40
12.68
12.12
12.97
14.41
14.62
13.40
13.15
13.39
13.17
13.31
20.70
14.02
12.80
13.09
13.89
13.50
14.41
13.29
13.04
13.30
13.41
13.47
13.41
13.58
13.07
13.38
13.64
13.08
13.16
12.91
12.07
13.29
13.54
12.75
12.77
13.13
12.53
13.88
13.11
12.85
12.90
12.78
13.83
13.07
12.94
12.98
13.04
12.57
12.10
12.09
12.75
12.54
13.01
13.47
12.79
13.23
13.13
13.65
13.03
12.82
13.21
12.64
13.33
12.87
12.74
12.84
13.06
12.21
13.15
12.24
12.30
12.20
12.27
13.04
12.49
12.88
12.23
12.42
13.41
12.45
12.87
13.67
13.03
13.53
12.94
14.18
13.08
12.86
12.77
12.13
12.79
14.05
14.10
14.17
13.86
13.09
12.85
12.62
13.12
13.19
12.93
13.28
13.59
13.06
12.18
13.49
12.69
12.63
12.48
12.82
13.22
13.11
12.80
12.53
12.46
12.67
12.63
13.14
19.65
12.58
12.16
12.95
13.84
14.78
14.59
13.63
13.74
12.87
13.00
13.11
12.74
12.66
12.15
13.45
12.64
12.45
11.75
12.56
12.83
12.11
12.26
13.07
12.25
13.72
13.67
13.20
11.91
11.87
12.41
12.09
12.98
13.13
12.81
12.90
12.67
12.32
12.43
12.69
12.53
12.14
13.08
13.32
13.22
13.84
12.48
13.57
12.26
12.39
12.20
13.35
13.54
12.84
20.09
13.64
12.72
12.75
13.10
12.79
12.76
13.85
14.31
14.14
13.40
12.61
13.10
14.02
13.13
12.58
12.21
12.42
12.24
12.57
12.32
12.68
12.68
13.83
13.65
13.65
12.90
12.75
12.79
13.20
12.83
13.20
13.18
12.56
12.93
13.16
13.10
13.04
13.12
13.57
12.44
11.89
12.16
12.58
12.42
12.34
12.29
12.96
13.48
13.39
12.59
12.88
13.61
13.34
14.19
14.20
12.67
12.44
13.07
20.24
13.46
14.00
12.70
13.77
13.36
12.93
13.03
13.45
13.87
13.31
13.17
13.78
12.80
12.93
13.02
13.51
13.19
12.71
12.70
12.86
14.15
13.27
13.00
13.05
13.30
12.72
13.99
12.91
19.54
13.20
12.34
12.79
12.54
13.42
13.50
13.42
12.97
12.27
13.63
13.26
13.78
12.28
12.95
12.77
12.79
13.99
12.65
12.76
12.74
12.92
12.99
12.77
11.44
12.79
13.72
12.62
11.82
12.66
13.83
13.30
11.75
12.90
13.64
13.46
13.06
13.33
13.88
12.32
13.37
12.96
13.26
12.41
12.58
12.22
12.65
12.97
12.90
13.64
12.82
12.54
13.16
12.81
13.12
13.24
12.79
12.98
12.13
13.04
12.89
12.00
12.66
12.99
13.08
11.85
12.12
12.84
13.56
13.42
12.30
11.90
13.81
13.04
12.74
12.24
12.82
12.60
12.63
12.39
12.81
12.39
12.62
13.55
12.96
13.04
13.27
13.20
13.04
12.83
12.21
13.25
12.75
13.09
13.18
12.18
11.83
12.65
12.64
12.52
12.36
12.59
12.53
12.47
13.75
13.31
13.51
14.05
13.72
13.57
11.99
13.02
12.42
13.30
13.29
12.42
13.22
13.13
12.85
13.74
13.21
12.97
12.94
12.92
12.40
12.33
12.60
13.02
13.38
13.94
13.95
13.42
12.75
13.35
12.82
13.01
13.25
13.48
13.18
13.60
13.29
13.17
12.72
19.28
13.63
12.45
12.60
13.07
14.08
13.69
13.18
13.61
12.49
12.91
12.97
13.23
13.35
12.76
12.89
12.71
13.22
13.52
13.73
12.65
12.49
12.98
12.77
13.19
12.48
13.30
13.19
13.06
11.73
12.61
13.53
13.59
12.73
11.52
12.18
12.76
13.13
12.00
12.93
13.07
13.13
12.50
13.33
12.47
12.54
13.61
12.10
12.04
12.91
13.20
13.17
13.51
13.49
12.75
15.97
21.15
14.15
13.05
12.74
13.99
14.89
14.25
14.17
13.64
12.83
12.59
12.75
12.58
12.06
11.51
11.18
12.03
12.06
12.09
12.49
12.57
12.90
11.91
12.65
13.03
12.14
12.54
12.93
12.47
12.23
12.36
12.11
11.92
12.01
12.06
13.04
11.91
13.77
12.60
13.28
13.80
12.26
13.39
13.31
13.83
13.54
12.86
13.07
12.76
19.31
14.07
13.50
12.79
13.46
13.32
12.63
13.71
12.97
12.78
12.52
12.99
11.93
12.76
12.41
11.86
13.15
12.22
12.64
13.37
12.35
11.26
12.50
12.81
13.09
12.85
12.79
12.92
13.68
12.77
12.86
12.64
12.47
13.14
12.59
12.32
13.09
12.88
13.71
13.21
13.40
14.00
13.56
12.88
12.57
12.44
13.10
12.10
13.33
12.21
12.45
12.91
13.13
13.45
13.77
14.28
13.77
12.94
13.01
12.48
13.10
13.90
13.15
13.46
13.28
13.16
14.00
13.78
12.55
12.84
12.83
12.87
13.27
12.66
13.01
12.75
13.48
13.14
13.58
14.33
13.29
13.08
13.73
12.47
12.96
13.14
12.85
13.10
11.26
12.36
14.11
13.06
12.82
12.48
12.45
11.82
13.11
12.70
12.29
12.55
13.11
13.03
12.65
12.58
13.11
12.78
11.73
12.60
11.89
13.04
13.23
12.66
13.39
12.77
12.19
12.23
13.16
13.35
13.43
13.48
12.16
12.36
13.04
13.02
12.56
12.99
12.38
12.56
12.24
12.57
13.03
12.53
11.84
12.07
12.81
12.79
12.90
12.50
13.12
13.17
12.63
12.01
13.55
12.88
12.72
13.70
14.30
13.10
13.02
13.00
13.83
14.54
12.75
12.57
11.97
12.20
13.33
14.57
13.80
14.10
13.27
12.47
13.06
13.49
12.51
12.66
13.13
12.81
12.67
12.90
12.65
12.42
12.44
12.52
12.53
12.86
12.08
13.14
13.45
12.83
12.50
12.73
12.67
12.16
12.32
12.35
12.54
12.57
13.55
12.58
13.30
13.34
13.18
13.27
13.06
13.15
12.55
13.06
12.38
13.33
12.91
12.92
12.35
12.81
13.18
13.62
12.27
12.75
12.73
12.62
13.16
12.36
12.28
13.23
13.24
13.24
13.27
13.21
13.01
12.10
13.33
13.43
13.56
13.75
13.12
13.30
13.47
13.16
12.51
12.82
13.58
12.77
13.56
13.14
12.16
12.55
12.40
12.76
20.46
13.56
12.71
12.89
13.42
13.66
13.65
14.16
13.48
13.35
13.88
13.97
14.19
12.90
12.50
12.53
13.28
12.63
12.30
12.56
12.74
12.11
13.17
11.94
12.64
11.75
12.71
12.88
13.08
12.62
13.08
12.02
12.80
12.26
13.27
12.17
12.62
13.28
13.66
13.29
12.08
12.52
12.65
13.34
12.99
12.16
12.13
12.06
12.20
11.89
12.02
13.29
13.62
13.93
13.41
13.37
13.80
13.10
12.67
12.88
11.94
12.27
13.12
12.42
12.46
13.26
13.30
13.38
13.70
13.63
14.17
13.13
12.92
12.99
12.73
12.62
12.62
13.42
12.68
12.21
11.68
12.78
13.30
13.82
13.17
12.23
12.87
12.53
13.21
13.21
13.57
13.57
12.58
12.60
12.73
12.90
12.70
11.74
13.22
12.45
12.94
12.83
12.52
13.29
13.32
13.75
12.31
13.10
13.11
12.25
12.65
12.81
13.39
12.85
12.32
13.05
13.71
12.87
13.05
13.71
12.51
12.91
13.04
12.35
13.00
13.45
13.39
14.77
13.20
14.10
14.27
13.34
13.70
13.63
12.57
13.30
12.28
13.56
13.05
14.25
13.92
13.68
12.94
12.41
12.42
12.98
12.22
12.78
12.25
18.10
12.35
12.14
12.63
13.55
13.09
13.59
13.35
12.31
12.37
13.40
12.50
12.69
12.67
12.81
12.71
13.23
13.48
12.97
13.04
19.68
13.03
11.88
18.23
13.48
13.62
14.11
14.53
14.82
13.51
12.91
13.96
13.74
13.01
13.54
11.69
12.98
13.28
13.34
12.36
12.75
12.79
12.86
13.37
13.02
12.81
13.03
11.77
12.22
11.70
12.51
12.91
12.85
12.96
13.03
12.30
12.83
13.74
13.21
12.30
12.57
12.49
12.54
12.21
12.91
12.93
13.54
13.61
13.00
13.10
13.57
12.25
12.25
12.39
13.04
12.29
13.32
14.37
13.69
12.61
12.82
12.74
12.24
13.29
12.77
14.10
12.44
12.22
13.14
13.12
13.38
12.84
12.44
12.86
13.65
12.90
12.78
12.41
12.87
13.67
12.99
13.16
12.33
13.05
12.37
11.96
12.57
12.60
13.14
13.01
12.91
12.96
12.55
13.68
12.87
13.53
13.46
13.68
13.55
12.30
13.01
12.99
12.63
12.98
12.46
12.31
12.46
12.25
12.12
12.65
12.09
12.02
12.75
12.39
12.43
12.11
13.36
12.61
12.72
12.41
12.08
13.16
13.46
12.77
12.49
12.04
12.74
13.81
13.13
12.92
12.96
12.98
12.51
12.91
12.22
12.72
13.50
13.13
13.27
13.70
12.44
13.36
12.81
12.51
12.21
13.04
12.65
13.46
13.25
13.03
13.78
13.47
12.57
12.84
13.06
12.38
12.39
12.87
12.24
12.63
13.11
12.28
13.15
14.01
13.34
13.28
13.11
13.33
13.17
13.15
12.23
13.03
13.01
13.90
11.97
12.37
13.06
12.57
12.89
13.43
12.23
12.21
11.99
12.62
12.95
12.76
13.38
13.06
12.00
13.24
12.60
12.18
18.58
12.70
13.48
13.06
12.38
13.59
13.61
13.80
13.03
13.24
12.93
12.94
13.87
13.28
12.78
13.28
12.85
12.16
12.23
12.52
12.43
12.37
13.27
12.73
12.53
12.57
13.59
13.52
12.50
11.90
12.78
12.20
12.75
12.68
12.22
12.86
12.35
12.75
13.22
13.51
13.59
14.22
12.99
12.61
12.47
12.58
12.75
12.36
12.57
13.81
12.15
14.24
13.30
12.15
11.72
12.58
13.07
13.30
13.14
11.41
12.62
13.27
13.02
12.57
12.85
12.81
12.49
11.55
12.18
13.02
12.23
12.96
13.33
13.16
13.93
12.13
13.11
12.76
13.08
12.44
12.34
12.95
12.68
12.84
12.27
12.05
12.99
12.42
12.76
12.83
12.58
12.87
13.33
19.45
13.31
12.21
13.08
13.90
12.78
12.39
11.34
12.46
12.45
13.13
13.10
11.92
12.69
12.31
12.86
12.54
13.75
13.49
12.74
12.47
13.78
14.12
14.04
12.98
12.83
13.44
13.24
13.28
11.93
12.80
12.91
14.02
14.68
15.28
13.07
14.06
13.47
13.26
14.32
13.18
13.29
12.43
13.41
13.31
13.37
12.91
12.38
12.33
12.93
13.34
13.33
13.05
12.63
13.67
13.23
13.76
12.36
12.30
12.09
12.47
11.97
12.18
12.15
12.44
12.39
12.42
12.73
13.05
12.92
13.35
12.89
13.33
13.12
13.06
12.48
12.85
11.48
12.86
12.15
13.23
20.45
13.32
13.45
13.32
13.41
12.76
12.39
12.52
12.76
13.52
12.60
12.62
12.50
13.58
13.19
12.80
12.61
12.99
12.94
13.14
12.47
12.54
12.96
12.66
12.89
12.33
12.32
12.66
12.50
12.16
12.81
12.88
13.56
12.40
12.89
12.23
12.30
13.04
13.07
12.26
13.02
12.79
11.81
13.23
13.19
12.91
12.90
12.59
12.00
13.52
12.81
12.43
12.66
13.09
13.56
14.01
13.86
13.09
12.58
12.35
12.37
12.30
13.13
12.86
13.10
13.44
13.31
13.20
13.43
12.78
12.88
12.95
13.31
13.03
13.32
12.90
12.15
13.37
13.22
12.91
13.65
13.24
12.71
12.08
12.43
12.97
13.18
13.33
12.67
12.63
12.73
11.98
12.48
12.86
13.15
13.91
12.78
12.87
13.00
13.02
12.57
13.11
12.63
12.00
13.38
13.06
12.34
12.67
13.02
13.10
13.57
13.68
12.68
13.28
13.21
13.15
12.04
12.83
12.30
12.98
12.91
13.20
12.66
13.53
12.75
13.21
13.25
13.83
13.25
13.08
12.21
12.83
13.51
13.40
12.57
12.86
11.96
11.89
12.25
12.80
12.84
12.90
13.15
13.17
13.44
13.12
12.50
12.31
12.49
13.39
13.22
13.75
14.22
12.86
11.84
11.94
12.68
13.08
12.74
12.89
12.90
12.30
12.87
12.87
13.47
12.74
12.77
12.30
12.45
13.18
12.69
12.53
14.36
15.06
15.03
14.59
12.69
13.81
13.25
12.43
13.11
12.96
13.27
12.93
13.01
13.01
14.12
13.33
13.07
13.39
12.70
12.48
13.78
13.66
12.26
12.81
13.38
14.23
13.23
12.98
13.53
13.05
12.26
13.09
12.62
12.24
12.15
12.74
13.25
12.70
12.47
11.82
12.08
12.66
13.16
13.07
12.86
13.05
12.79
12.80
12.95
11.68
12.43
12.85
12.93
12.80
13.85
13.61
12.69
13.07
12.59
12.46
12.63
13.18
13.84
13.54
12.53
13.04
12.89
12.50
11.84
12.52
12.33
11.73
12.95
12.50
12.47
12.46
12.41
12.74
13.23
12.38
13.19
13.00
12.49
12.46
12.64
12.18
12.94
13.43
13.22
13.22
13.18
12.65
12.37
12.52
13.38
13.61
12.75
12.33
12.49
12.64
12.57
12.82
12.69
12.52
13.07
13.38
12.80
12.37
12.99
12.50
12.10
12.71
12.71
12.41
11.90
12.94
12.63
11.65
12.68
13.05
12.97
12.25
12.51
13.32
13.23
13.55
12.07
12.92
12.85
12.48
12.43
12.01
11.91
12.26
12.81
12.53
12.34
12.40
12.49
12.95
13.42
13.16
13.20
12.92
12.25
12.85
12.96
13.12
12.83
12.60
12.76
13.63
12.60
12.57
12.52
13.79
13.42
13.63
13.20
12.48
13.15
13.05
12.92
12.64
12.82
13.55
13.99
13.56
13.29
12.92
12.30
13.11
13.71
13.75
11.98
12.20
13.13
13.83
12.91
12.63
13.38
12.20
12.57
12.65
11.98
12.28
13.01
12.78
12.20
12.29
13.07
13.41
12.36
11.91
12.59
12.62
13.41
13.47
12.55
12.36
12.06
12.87
13.11
13.00
11.68
12.51
12.23
12.99
12.67
13.14
12.73
12.81
12.04
12.76
11.71
11.78
13.36
13.15
13.54
13.37
13.34
12.98
12.66
12.69
12.60
13.04
14.19
13.68
13.43
13.25
11.80
12.76
12.82
12.85
12.69
12.48
12.55
13.37
13.24
12.85
13.30
13.31
12.62
13.26
12.39
13.19
12.98
12.54
13.86
12.51
13.09
12.71
12.95
12.77
12.48
12.43
14.05
13.24
12.30
12.57
12.57
12.35
13.15
12.45
12.12
12.98
12.94
12.73
12.67
11.84
12.03
12.85
12.85
13.08
13.34
13.22
13.47
13.50
13.22
13.30
13.35
13.39
13.68
13.29
12.46
12.13
12.01
12.68
12.54
13.51
13.67
12.63
13.35
13.49
13.42
12.92
12.39
13.55
12.74
12.76
12.68
11.88
11.69
12.33
12.57
12.29
12.58
12.57
11.63
11.75
12.74
12.17
11.46
13.32
13.30
12.91
13.57
13.30
13.76
11.64
12.64
12.97
12.68
12.45
13.45
14.06
12.85
13.00
13.55
12.90
12.81
12.92
12.71
13.13
14.09
13.43
13.74
12.40
12.70
13.34
13.33
12.55
12.41
13.02
12.43
12.40
12.76
12.33
13.05
13.11
12.62
12.07
12.41
13.44
12.90
12.48
12.51
13.29
13.30
12.88
13.33
13.55
13.31
13.18
12.70
12.95
13.25
12.44
12.25
11.67
12.65
12.91
13.87
13.17
12.87
12.84
12.57
12.77
13.41
12.87
12.29
14.26
13.02
12.63
12.47
12.18
12.15
12.10
12.20
12.40
12.68
12.98
12.93
12.69
11.83
12.61
13.66
12.70
12.73
12.92
13.13
12.85
12.58
12.73
12.98
12.22
12.31
12.26
12.50
13.51
12.66
12.42
12.97
13.49
12.90
12.94
12.84
12.64
13.14
13.07
13.34
12.86
12.62
12.82
12.07
11.90
11.79
11.72
11.71
12.67
12.87
12.67
12.74
12.62
12.75
12.48
13.36
12.40
12.32
12.42
11.52
13.17
12.89
13.08
13.12
12.25
13.42
13.18
14.19
12.57
12.48
13.21
12.08
12.65
12.92
13.35
13.60
12.40
13.15
13.11
12.72
12.49
12.75
13.66
13.38
11.65
12.47
11.85
12.65
13.51
12.67
12.71
14.31
13.77
13.34
12.67
12.87
13.04
12.52
12.34
12.53
12.22
12.71
12.75
13.17
13.07
14.02
12.07
13.58
13.73
13.03
12.84
12.88
12.75
12.59
12.85
12.81
12.29
12.85
12.47
12.84
13.41
12.93
13.00
13.36
13.37
12.69
11.95
12.09
12.83
13.31
13.07
13.07
12.67
12.43
13.05
13.10
13.01
12.64
13.57
12.66
13.03
12.53
12.86
12.95
12.93
13.19
11.90
12.51
12.61
12.68
12.19
11.77
12.76
13.26
12.43
12.48
12.14
13.15
13.46
12.86
12.54
12.52
12.88
12.79
12.60
12.41
12.73
13.34
12.58
12.91
12.79
12.12
12.22
11.96
13.10
11.92
12.46
13.28
12.93
11.95
13.69
13.32
13.07
12.84
12.49
12.63
12.82
12.80
13.02
12.48
12.65
12.56
13.14
13.33
13.67
12.43
12.46
13.82
13.54
13.99
13.44
13.03
12.28
12.37
12.23
13.01
13.15
11.82
12.16
12.62
13.36
13.98
13.47
13.33
20.00
13.37
11.90
12.96
13.20
12.87
13.75
13.29
12.88
13.23
13.21
13.21
13.01
12.60
12.60
12.82
12.48
12.43
12.79
12.11
11.61
12.07
12.66
13.25
12.67
12.20
14.12
13.59
13.33
13.48
13.12
12.94
13.09
13.05
13.97
13.96
13.05
12.71
13.52
14.14
12.96
13.05
11.82
13.28
13.27
12.37
12.99
13.49
12.16
13.09
12.63
13.24
12.62
12.64
12.72
12.77
12.07
12.19
12.73
11.86
12.22
12.32
13.05
12.16
12.98
14.39
13.96
13.75
13.19
12.79
12.54
12.85
13.35
12.98
16.14
26.50
20.53
17.66
17.13
16.18
15.28
14.86
13.72
15.01
17.02
17.03
15.62
14.83
14.91
14.39
14.61
12.71
13.28
15.95
13.56
13.63
13.44
13.30
12.96
13.59
13.90
14.34
13.41
12.41
13.25
12.69
13.90
13.25
12.63
18.57
13.92
13.03
13.52
13.65
13.77
13.11
14.85
14.64
14.02
14.20
14.01
13.03
13.42
12.67
12.95
12.84
13.15
13.81
14.53
12.98
13.44
12.61
13.15
12.36
12.23
12.47
13.22
12.97
13.29
12.33
12.91
13.61
13.50
13.63
12.73
12.39
13.32
12.51
12.78
12.72
12.61
12.14
12.18
13.21
13.25
13.53
13.00
13.01
12.93
13.31
13.36
13.80
13.29
12.85
13.10
12.98
13.78
13.29
13.26
12.55
13.30
13.16
13.08
12.22
13.19
12.86
13.73
12.63
12.56
11.88
12.52
13.15
12.00
12.85
12.94
12.95
12.79
12.53
12.59
12.21
12.47
12.08
13.08
12.59
13.17
12.93
12.33
12.17
12.68
13.54
13.21
13.56
12.62
13.66
13.02
13.51
13.30
13.27
13.49
11.90
12.27
12.30
12.08
12.48
12.52
12.49
11.88
13.10
12.64
12.00
13.34
12.37
12.02
13.16
12.93
13.07
12.77
13.13
13.61
12.77
12.62
12.65
12.73
12.48
11.86
12.39
12.44
13.01
12.27
11.86
12.11
12.27
11.72
12.39
11.54
11.66
13.02
12.73
11.66
11.74
12.35
12.09
13.03
12.92
12.67
13.09
13.49
12.88
13.62
13.19
12.27
12.13
13.12
12.62
12.82
13.17
12.81
12.48
13.21
13.11
12.33
12.35
18.74
12.48
11.89
12.11
13.22
13.24
12.75
13.66
12.86
12.47
12.52
12.67
12.50
13.09
13.18
12.34
13.28
12.47
12.26
12.71
13.02
14.26
13.60
11.88
12.54
12.88
19.84
13.63
12.98
13.00
12.51
13.45
13.68
13.27
13.13
12.02
12.83
13.23
12.84
12.67
12.66
12.74
13.25
12.72
12.24
12.36
12.72
12.66
12.98
12.46
12.15
13.38
13.17
12.67
12.31
12.22
12.99
12.75
12.83
12.63
12.61
12.68
13.22
12.86
14.11
13.37
12.30
12.52
12.75
12.27
12.37
12.99
12.52
12.89
12.60
11.95
12.29
12.96
13.23
12.81
12.81
12.88
11.99
12.70
12.25
12.78
11.95
13.11
13.06
13.47
12.44
12.32
12.46
12.71
12.84
12.55
13.64
13.09
13.86
12.59
12.33
12.64
12.57
12.76
12.59
12.80
12.88
13.34
13.14
13.14
12.86
12.35
12.38
13.40
13.73
12.27
12.75
13.86
13.00
13.29
12.49
11.89
12.45
12.63
12.90
13.58
12.96
12.60
13.00
12.35
12.38
12.20
12.60
13.62
13.29
12.65
12.54
12.37
13.21
13.06
13.10
13.12
12.84
12.93
12.94
13.06
13.15
12.78
12.29
12.04
12.41
12.72
13.13
13.83
13.28
12.91
11.96
12.64
12.96
13.28
12.91
13.34
12.88
12.96
13.31
12.65
13.70
12.69
12.56
13.09
12.39
12.48
13.29
13.26
12.80
12.30
12.75
12.65
13.60
12.84
11.91
12.54
12.32
13.08
12.62
12.89
12.64
13.08
12.50
12.11
12.24
12.51
12.21
12.37
12.02
12.39
12.00
13.59
12.61
13.21
12.85
12.81
13.13
13.16
13.48
12.85
13.34
12.81
12.62
12.42
13.29
13.53
13.08
13.38
12.85
12.98
12.85
12.66
12.86
13.15
12.49
13.27
12.53
12.58
12.31
12.13
12.80
12.19
11.76
12.34
12.97
13.15
13.61
13.32
12.29
11.86
12.93
12.99
13.27
12.67
12.74
12.27
12.43
13.66
13.09
12.31
12.74
13.49
11.99
12.58
12.83
13.07
13.13
12.75
13.49
13.09
12.84
12.53
13.04
12.28
11.70
12.85
12.53
12.35
12.72
12.64
12.48
12.67
13.01
12.76
11.99
12.16
13.43
13.01
12.17
12.61
12.45
12.70
12.36
13.35
13.17
12.60
13.00
11.73
12.92
12.98
12.02
12.42
12.54
12.29
12.61
12.83
13.10
12.85
13.12
13.10
12.23
12.87
12.88
13.05
12.80
12.73
12.23
12.54
12.94
13.01
12.40
12.97
12.55
12.83
11.97
13.13
12.91
13.03
20.09
14.20
13.68
12.87
12.88
12.89
13.40
12.95
12.88
12.26
12.11
12.62
13.48
13.56
13.33
13.55
12.75
12.67
12.86
12.67
13.35
12.59
12.75
11.98
11.79
12.06
12.09
12.86
13.56
13.35
12.81
12.35
12.70
13.43
12.94
12.67
12.67
12.57
12.45
13.60
12.98
12.17
12.69
12.89
13.17
12.16
13.19
12.37
12.23
12.47
12.61
12.15
12.27
12.86
13.14
12.97
12.52
13.51
12.52
12.54
12.92
12.35
11.70
12.59
12.66
12.56
13.21
13.54
13.52
13.03
13.46
12.82
12.44
13.18
13.77
12.58
13.56
13.43
13.36
13.73
12.46
12.11
12.10
12.64
12.32
12.24
12.22
11.69
12.14
13.38
13.27
12.94
12.95
13.02
13.00
12.63
13.88
12.74
13.00
13.26
12.71
13.69
14.54
13.18
12.42
12.52
11.75
11.78
12.17
11.56
11.76
12.01
12.73
12.65
14.28
13.02
12.96
11.90
12.22
12.85
12.76
12.96
12.77
12.75
12.66
12.96
12.27
12.65
13.03
12.49
12.95
12.43
13.17
12.04
12.62
12.18
12.56
12.97
19.48
13.18
12.59
12.57
13.53
12.77
12.94
12.23
12.16
13.30
13.85
13.52
13.82
13.50
12.99
12.48
12.44
12.48
12.50
12.85
14.09
13.94
12.76
12.73
11.90
12.15
12.52
12.47
11.90
12.07
12.49
12.75
12.90
12.50
13.10
13.04
12.97
12.48
12.18
12.51
12.78
12.72
12.63
12.62
12.94
12.64
12.58
12.63
12.16
11.57
12.12
12.19
13.06
13.06
13.98
13.66
13.47
12.08
12.67
12.66
12.33
12.71
11.99
13.53
12.80
12.40
13.03
14.01
13.60
13.91
13.94
13.72
12.21
12.08
13.21
12.34
12.71
12.34
12.53
12.70
12.22
12.83
13.63
12.92
12.67
12.36
11.96
11.76
12.05
12.18
13.07
12.48
12.82
12.63
12.61
12.57
12.41
12.52
12.77
12.06
12.86
12.70
13.42
13.17
13.35
13.08
13.02
12.70
12.40
13.47
13.70
12.65
12.52
12.72
12.82
12.57
12.18
12.37
13.38
12.77
12.75
12.86
12.99
12.64
11.82
12.56
12.54
12.73
12.42
13.17
12.78
12.99
12.91
13.35
13.38
12.75
12.80
12.71
12.96
12.99
13.15
12.31
11.88
12.36
12.51
12.50
13.31
12.27
12.85
12.45
12.92
12.16
13.23
12.39
12.85
13.30
12.33
13.21
12.45
12.67
12.32
13.16
13.15
13.58
12.96
13.46
13.53
12.61
12.07
12.60
13.60
12.88
12.50
12.36
12.72
14.07
14.02
11.79
12.46
12.80
12.80
12.93
13.84
12.43
12.98
13.12
11.93
12.89
11.83
12.15
12.97
12.48
12.72
13.02
13.49
12.56
12.72
12.06
12.60
12.92
12.24
12.74
12.52
12.46
12.25
12.64
12.98
12.80
12.10
12.62
13.06
12.72
12.46
12.58
12.54
11.88
12.79
12.64
12.39
12.78
12.92
12.09
12.68
11.79
12.12
12.49
11.98
11.44
11.49
12.76
12.69
12.43
12.80
13.06
13.50
13.13
12.89
13.12
12.41
12.66
12.80
12.45
12.01
13.88
13.27
12.85
12.58
12.98
12.81
12.97
12.71
12.80
12.28
12.26
12.45
12.70
13.08
12.49
12.75
13.28
13.49
12.14
13.10
12.92
13.38
12.26
12.49
12.97
12.46
13.36
12.66
13.31
13.16
11.64
12.18
12.25
11.71
12.28
12.34
12.25
12.59
12.54
13.26
12.97
12.62
13.54
13.24
13.27
12.99
13.49
13.26
12.65
12.94
12.73
12.76
12.88
13.09
13.05
12.90
13.19
13.42
13.22
12.99
12.56
12.95
12.07
13.13
14.36
12.84
13.06
12.94
12.10
12.80
12.69
12.16
13.29
14.19
13.54
13.01
13.41
12.46
13.26
13.33
12.91
12.10
11.69
11.70
11.58
12.77
12.27
13.22
13.22
13.23
13.66
12.34
12.82
11.99
12.21
12.44
13.06
12.76
19.16
13.14
11.70
12.77
13.35
13.66
12.62
13.07
12.92
13.31
13.27
12.21
12.94
12.76
12.82
13.46
13.46
13.29
13.10
12.69
11.86
12.03
13.25
12.95
12.94
13.29
12.27
13.14
12.07
12.81
12.70
12.05
12.71
11.90
11.67
12.37
12.51
12.62
11.56
12.73
12.84
12.25
13.32
13.73
12.57
13.00
12.69
13.28
13.07
12.92
11.93
12.57
12.56
12.94
13.14
13.43
12.90
12.34
11.92
12.61
13.68
13.23
12.39
13.34
13.49
13.15
11.83
12.97
12.43
12.72
12.75
12.96
12.85
13.12
12.47
12.11
11.76
12.67
12.62
12.19
12.05
12.68
13.39
14.38
13.42
12.94
13.40
12.74
13.33
13.00
12.84
12.51
11.96
13.33
13.85
13.62
12.93
12.62
13.41
13.61
13.06
13.05
11.93
12.38
12.47
12.72
12.68
12.57
12.93
13.79
13.39
12.71
11.24
12.74
12.97
13.14
12.21
12.58
12.70
13.54
13.13
12.80
12.94
13.36
13.46
12.36
12.86
12.99
12.86
12.55
12.44
12.68
12.44
11.70
12.22
11.35
12.84
12.40
12.70
13.31
12.55
12.22
12.56
12.86
12.57
13.07
12.15
12.65
13.10
12.06
12.15
13.34
12.42
12.37
13.00
13.34
12.99
12.25
11.53
18.43
13.02
11.96
12.95
13.73
12.78
12.34
13.40
12.84
13.07
14.12
13.93
13.31
13.26
12.74
12.83
12.45
13.22
12.17
12.73
12.87
12.50
12.64
13.11
13.82
12.73
19.00
13.71
11.96
12.02
13.58
14.19
13.74
14.43
13.54
13.01
12.52
12.16
12.97
12.60
12.83
13.19
13.97
13.91
13.90
13.24
12.59
12.48
13.13
12.26
12.49
13.60
13.19
12.84
12.95
12.65
12.49
13.25
13.72
12.03
13.13
12.14
12.77
12.53
12.54
12.11
12.60
12.85
12.32
12.94
12.62
12.23
13.39
12.95
13.35
12.43
12.52
18.82
13.86
12.46
12.72
13.87
13.58
13.74
12.32
12.68
13.35
12.58
13.34
11.81
12.31
12.30
12.75
12.07
12.79
12.47
12.80
12.26
12.39
11.69
12.05
12.36
12.15
13.68
12.67
13.30
13.17
12.41
12.48
12.74
13.25
13.17
13.16
12.01
12.03
12.79
13.12
12.83
12.93
13.25
12.76
12.24
12.45
18.97
13.21
13.03
12.92
13.10
13.48
13.51
12.95
13.09
13.01
12.99
13.11
12.63
12.87
12.36
12.98
12.54
12.49
14.07
13.20
13.54
12.79
12.24
12.67
12.53
13.10
13.00
13.81
12.24
13.26
12.91
12.32
12.68
12.21
13.60
12.95
14.07
12.96
12.54
13.20
12.26
12.23
11.72
12.64
12.44
12.85
12.47
12.66
13.30
12.26
13.14
11.66
13.14
11.81
13.14
13.63
11.79
12.47
12.85
12.44
12.61
11.46
12.15
12.55
12.34
12.04
12.82
12.48
12.61
12.29
12.20
12.40
12.48
12.27
13.19
12.73
13.32
13.17
13.25
11.90
13.13
12.93
12.93
12.60
13.06
13.05
12.69
13.28
13.11
13.25
12.81
13.97
12.98
14.10
13.09
12.27
12.53
11.97
12.13
12.53
12.91
12.92
13.21
13.34
12.45
12.26
12.26
12.72
12.60
12.84
12.92
11.46
12.44
13.13
11.97
12.42
12.39
12.68
12.64
12.12
12.90
13.87
13.17
13.00
14.53
12.95
13.52
13.02
13.03
13.06
12.34
12.81
12.65
13.15
12.96
11.80
12.38
12.00
12.56
13.48
13.55
12.58
12.73
12.74
12.30
12.78
13.22
13.38
13.19
12.56
12.33
13.25
13.01
13.14
12.57
12.67
13.18
12.36
12.51
13.10
12.46
12.69
13.23
12.71
13.32
12.59
11.71
12.29
13.04
13.47
12.69
12.58
12.06
12.88
12.67
13.92
13.67
13.11
12.31
12.86
12.77
12.66
11.91
12.75
12.15
12.37
13.03
12.48
13.44
12.44
12.78
12.93
13.06
12.72
12.43
12.72
12.59
12.70
13.13
12.79
13.05
12.98
12.09
12.50
12.36
12.97
13.55
13.52
12.39
12.21
12.72
12.54
12.52
12.80
12.49
12.64
12.63
12.49
12.08
12.30
12.42
12.35
11.90
12.73
12.96
13.67
13.38
13.00
12.74
12.36
13.09
12.57
13.09
13.33
13.01
13.74
12.69
12.27
12.16
12.15
11.88
12.14
12.58
12.19
13.00
12.32
12.71
12.58
13.25
13.17
13.41
14.02
12.90
12.56
12.42
13.09
12.85
12.88
11.78
12.07
12.12
12.45
12.40
12.97
12.37
13.10
13.23
12.08
13.11
13.05
13.06
12.88
12.99
12.45
12.70
12.16
12.19
12.07
12.59
11.69
11.66
12.66
12.69
12.92
13.16
11.84
12.34
12.09
12.50
12.26
12.89
12.83
13.93
13.35
20.49
14.03
13.27
12.45
12.29
12.50
12.44
13.22
14.29
12.81
12.99
13.20
11.81
12.36
12.95
13.05
12.74
12.81
12.90
12.90
13.34
13.75
12.93
13.65
13.25
12.38
11.98
12.17
11.83
12.62
13.27
13.16
13.35
19.35
13.75
12.65
12.29
12.75
13.12
14.45
13.94
12.66
14.14
12.90
13.38
20.75
12.53
12.58
12.41
13.24
13.17
12.50
11.85
12.53
13.35
12.73
12.87
14.04
13.09
13.09
13.08
12.70
12.75
12.04
13.22
12.51
12.61
13.39
12.64
12.34
12.40
13.08
13.05
12.95
13.72
13.77
13.57
20.41
13.83
12.87
13.87
13.28
13.00
12.91
13.72
13.44
12.98
13.33
11.49
12.73
13.05
13.53
12.89
20.09
13.05
13.53
13.12
13.18
13.07
12.91
12.90
13.06
12.86
12.44
12.92
12.42
13.51
12.79
11.98
11.51
13.01
12.92
12.73
12.62
12.65
13.53
12.86
12.40
13.51
12.70
12.74
11.93
12.17
11.91
12.34
12.95
12.77
11.87
11.69
12.49
12.74
12.89
13.06
12.29
12.82
12.09
11.68
13.13
13.34
13.75
14.56
13.94
13.02
12.31
12.14
12.50
12.50
12.17
12.37
12.44
13.28
12.92
13.16
12.67
13.17
13.32
13.30
14.04
12.85
13.31
12.65
11.97
11.77
12.39
13.59
13.03
12.94
12.93
12.79
12.97
13.01
11.78
12.76
12.32
12.90
12.11
11.99
13.72
14.43
13.60
12.54
13.38
13.53
13.34
12.12
11.42
11.83
12.13
12.46
13.53
13.59
13.36
12.08
12.78
12.61
12.91
12.55
13.69
12.53
12.43
12.23
12.81
12.89
13.72
12.78
12.22
12.19
12.71
13.60
13.62
13.78
12.62
12.66
12.82
12.47
12.60
11.76
12.00
11.95
12.89
12.44
12.83
11.89
12.70
12.50
12.96
12.19
12.62
13.21
11.81
12.26
12.44
12.53
12.49
11.32
12.38
12.09
12.75
12.15
12.67
13.23
13.15
12.85
12.84
13.43
12.27
12.37
12.62
12.72
13.49
12.15
12.11
12.31
12.37
12.88
13.49
13.25
12.33
12.34
12.38
13.20
12.05
13.16
12.77
11.63
11.67
12.19
12.15
11.72
12.47
13.10
12.69
11.71
12.23
12.05
12.29
12.98
12.25
12.90
12.12
13.08
13.58
12.56
12.53
12.68
12.18
12.01
13.10
12.58
11.60
12.72
12.57
12.40
12.85
11.72
12.86
13.31
12.83
13.21
13.28
13.43
13.46
13.86
13.21
12.42
11.64
11.85
13.19
13.43
12.35
13.67
12.57
13.34
12.49
12.89
12.62
13.13
14.11
12.94
12.52
13.29
11.72
12.50
12.37
12.45
12.67
13.01
13.45
12.45
12.54
12.33
12.01
13.17
13.76
12.63
12.68
12.27
12.60
12.86
12.74
13.04
12.70
12.33
11.82
12.74
12.12
12.04
12.33
13.23
12.65
12.37
12.15
13.38
12.57
12.98
12.73
12.93
13.14
13.01
12.37
13.51
12.60
12.70
12.91
12.84
12.20
12.42
12.54
13.05
12.30
12.68
13.29
13.40
12.72
12.38
12.72
12.86
11.52
12.74
13.35
12.81
13.41
12.74
12.05
12.68
12.83
12.86
13.48
14.09
12.60
12.79
12.69
12.70
12.52
12.22
13.58
12.59
11.99
12.41
13.25
12.85
12.35
11.85
12.32
13.37
12.85
13.14
13.00
11.75
12.01
12.45
13.15
12.82
13.05
13.61
12.33
12.04
12.06
11.55
12.73
12.84
12.69
13.21
12.79
13.70
13.40
13.93
12.90
11.90
12.22
12.81
12.48
11.90
13.06
12.89
13.40
13.06
13.07
13.32
13.89
12.92
12.50
12.90
13.31
12.85
12.78
13.02
13.15
12.01
13.59
13.08
13.21
12.32
11.85
13.19
12.46
13.35
13.54
12.11
12.43
12.86
12.93
11.89
12.17
13.00
12.69
12.40
12.15
12.33
13.23
13.52
12.76
13.15
12.29
12.61
12.84
12.92
12.62
13.32
13.41
20.65
13.86
12.99
13.15
14.07
13.79
13.28
13.00
12.28
12.69
12.02
13.14
13.25
12.96
12.59
18.62
12.75
13.36
12.98
13.43
12.61
13.37
13.30
13.40
13.52
12.35
12.47
12.98
12.57
12.81
12.83
12.29
12.93
12.58
12.72
12.02
12.88
12.58
12.28
12.01
11.39
12.50
11.86
12.35
12.97
12.73
13.43
12.52
13.73
13.62
13.12
13.03
13.32
12.80
12.98
12.38
12.66
12.64
12.30
12.43
13.43
13.05
13.44
12.98
13.73
13.09
13.36
12.75
12.54
12.39
12.96
12.75
12.61
12.43
13.11
12.60
14.07
12.48
12.33
13.40
12.95
11.94
12.93
12.89
13.04
14.24
21.21
13.05
12.31
13.26
12.94
12.80
13.60
13.75
13.30
13.20
13.10
12.72
12.42
12.64
13.23
14.53
13.51
12.70
11.77
12.02
12.01
12.96
12.42
12.08
12.16
13.21
13.28
13.26
12.86
12.36
12.54
12.71
12.92
12.54
13.16
13.48
12.38
12.64
11.89
12.18
12.74
12.31
12.94
12.04
12.13
12.92
14.48
13.10
13.52
13.04
11.36
11.75
12.27
13.17
12.43
11.87
12.56
13.25
13.32
13.48
12.72
12.72
12.81
12.78
12.06
12.33
12.30
12.48
12.66
12.88
12.02
12.98
13.07
13.18
12.93
13.21
13.06
12.30
12.48
12.17
12.61
12.19
12.17
12.61
13.09
12.87
12.86
12.11
11.78
12.66
13.05
12.88
12.01
12.12
12.22
12.09
12.89
12.63
13.09
12.52
13.38
13.23
12.71
12.61
12.65
12.80
13.61
13.16
12.36
11.60
12.06
13.19
13.05
13.06
13.05
12.59
13.06
13.04
11.84
12.60
12.17
12.55
12.33
12.51
12.89
13.20
13.18
13.13
13.10
13.34
12.47
12.42
12.70
13.83
13.49
13.11
13.58
12.77
13.43
13.18
12.56
12.48
13.69
13.05
13.03
12.68
12.82
11.96
12.43
12.92
11.72
11.98
12.47
12.59
11.82
12.47
12.33
12.38
12.29
12.70
12.46
12.59
12.24
12.79
12.06
12.44
12.76
13.59
12.14
12.68
13.02
13.20
12.45
12.50
12.30
11.14
12.50
12.56
13.80
13.29
13.82
12.75
12.23
12.83
12.28
11.88
12.11
12.39
13.71
13.26
12.13
14.34
13.73
13.85
13.14
11.94
13.03
12.34
12.56
12.34
12.87
12.11
13.40
12.80
13.04
13.12
13.25
12.65
12.20
12.29
13.26
13.79
13.53
13.12
13.45
12.40
13.14
12.44
12.06
11.96
12.93
13.25
12.84
12.73
12.49
13.02
13.24
12.70
12.34
12.08
12.95
12.90
12.58
12.58
13.08
13.37
12.78
13.67
13.05
13.37
12.47
12.81
12.34
12.20
12.52
13.38
12.73
12.69
12.30
13.23
12.76
13.59
12.74
12.91
12.78
13.29
11.95
13.06
12.38
11.77
12.57
12.52
13.01
13.11
12.90
13.42
12.73
12.81
12.62
13.08
12.75
13.87
13.63
12.85
13.71
13.11
12.24
12.61
12.62
12.20
12.49
13.20
11.96
13.30
13.07
12.20
12.14
13.26
12.27
12.39
12.14
12.68
13.23
13.84
14.04
12.42
12.77
13.66
12.48
13.42
12.66
11.95
12.51
12.40
12.46
12.45
11.80
12.16
12.44
13.49
13.58
12.44
12.77
12.07
12.78
12.78
12.48
12.87
11.59
12.66
12.65
12.57
12.10
12.57
13.20
12.19
11.81
11.59
12.24
12.57
12.26
13.15
12.63
12.42
12.64
12.22
12.94
12.97
12.11
12.89
12.53
12.90
11.55
11.67
12.39
13.09
12.64
12.37
12.87
12.12
12.35
12.58
13.25
13.20
12.75
13.34
13.34
13.00
13.15
11.74
13.18
13.39
12.40
12.57
12.99
13.24
13.10
11.90
13.62
13.02
13.27
14.13
12.91
12.18
12.29
11.80
12.62
13.43
13.59
13.00
13.30
12.60
12.55
12.42
13.17
13.69
12.31
12.44
12.74
12.72
13.16
12.78
12.11
12.09
13.50
13.68
12.65
12.42
12.46
12.58
12.61
13.04
13.36
13.78
13.48
12.60
13.03
13.11
12.81
13.37
12.48
12.61
12.80
12.89
13.75
13.46
12.60
12.25
12.34
12.55
12.39
11.81
13.22
12.79
13.23
13.51
12.64
12.89
13.89
14.14
13.16
13.46
12.95
12.54
12.43
12.25
12.93
13.07
12.94
13.51
12.62
13.11
14.04
13.20
13.30
13.31
12.73
12.48
13.80
13.43
14.30
12.66
13.02
13.73
12.56
13.06
13.41
12.76
12.35
12.54
12.33
12.89
13.16
13.09
13.25
13.60
12.92
13.82
12.82
12.28
12.13
12.07
11.46
12.51
13.12
13.33
12.71
12.88
13.13
13.03
11.80
13.48
12.39
12.72
12.69
12.73
11.78
12.54
12.23
13.24
12.98
12.91
11.75
12.17
12.37
12.89
13.61
12.43
11.76
12.95
12.65
12.14
12.13
11.91
12.31
13.49
12.10
12.69
13.41
12.48
13.03
12.79
12.13
13.25
12.20
13.05
13.59
13.72
12.83
12.52
12.93
12.07
13.16
12.57
12.44
12.78
12.00
12.50
12.45
12.77
12.25
12.88
13.76
12.91
13.15
12.32
12.49
13.49
13.45
12.99
12.84
13.17
13.23
12.74
12.90
12.14
12.85
12.99
12.29
12.89
13.92
12.24
11.84
12.86
13.31
13.11
12.37
13.11
12.83
13.33
13.39
13.43
12.72
13.11
12.67
13.10
11.97
12.42
12.46
11.90
12.95
13.35
13.42
12.93
13.03
13.68
14.03
13.01
11.97
13.24
13.09
13.72
13.74
12.38
13.45
12.98
12.48
12.47
12.76
12.56
12.90
13.37
12.42
12.49
12.50
12.49
12.90
12.94
12.83
12.73
13.53
12.58
12.67
13.01
12.34
13.71
13.50
12.39
12.27
12.96
11.79
12.00
12.74
12.71
13.15
12.81
12.22
12.61
12.63
13.41
12.28
12.67
13.37
12.87
13.44
13.21
12.61
13.18
11.99
13.36
13.11
13.05
12.12
12.72
13.05
12.26
12.64
13.06
12.55
13.05
13.21
13.83
12.59
12.17
13.59
13.50
12.83
13.69
12.66
11.97
12.01
12.41
13.43
12.67
12.03
12.55
13.55
13.08
12.88
12.93
13.61
12.99
13.13
13.04
13.64
13.55
12.98
12.97
12.57
14.15
13.56
12.98
12.45
12.62
13.41
13.18
12.21
12.73
13.57
13.20
12.69
12.42
12.30
12.23
12.70
13.14
12.68
12.10
18.18
13.86
12.87
12.36
12.81
14.22
13.71
13.75
14.08
12.75
12.96
12.71
12.50
12.68
12.21
12.44
12.96
12.33
12.82
12.55
12.96
12.42
12.56
12.34
12.42
13.31
14.28
13.44
12.32
12.67
12.24
12.61
12.62
12.91
12.83
12.88
12.53
11.72
12.20
12.87
12.96
12.59
11.84
12.60
12.55
12.88
12.28
12.50
12.32
12.12
12.55
12.90
12.19
12.19
12.77
13.48
12.97
12.16
12.52
12.19
12.11
12.59
12.70
13.14
13.26
12.79
12.24
12.49
12.50
13.25
12.44
12.82
12.90
12.58
12.23
13.14
12.33
13.24
13.18
13.07
12.98
12.89
11.99
11.74
12.82
12.52
13.24
13.13
12.22
12.57
13.27
13.31
13.15
12.40
12.15
13.31
12.54
13.24
12.86
12.56
13.16
12.77
12.60
12.56
19.05
14.00
13.21
12.40
12.90
13.13
13.88
13.84
13.26
12.63
12.87
11.80
12.63
13.28
12.85
12.50
12.82
12.85
11.87
12.86
12.89
13.52
13.11
11.97
12.08
13.00
12.88
13.14
12.74
11.99
12.00
12.28
12.81
11.67
12.66
13.83
13.32
12.78
12.61
12.69
12.28
12.22
12.03
12.86
12.47
12.38
13.04
11.68
12.58
11.90
12.92
12.71
18.87
12.56
12.36
12.23
13.53
13.32
13.15
12.39
13.05
12.63
12.76
11.65
11.72
13.16
13.52
12.94
12.99
12.21
12.39
13.13
12.25
11.59
11.50
12.59
12.02
11.62
11.15
12.14
13.30
12.96
12.47
12.33
12.52
13.05
13.33
12.64
12.36
12.83
13.09
14.01
12.85
13.31
12.70
12.30
13.43
13.21
12.40
12.94
12.62
12.42
12.08
11.90
11.96
11.68
12.35
12.71
12.66
12.51
12.46
12.57
12.49
12.79
11.93
12.48
12.43
12.79
11.88
12.34
13.85
13.00
12.21
12.57
12.22
13.23
13.37
12.32
12.44
13.41
13.12
12.75
12.29
12.41
12.98
13.25
12.37
12.79
12.57
12.46
12.80
12.89
12.98
13.47
13.26
13.56
12.83
12.76
12.55
12.80
13.28
20.15
13.25
12.79
12.59
13.01
12.51
12.15
13.12
12.25
11.65
12.47
12.52
12.55
12.86
12.64
12.20
12.27
12.39
12.77
13.71
14.07
13.13
13.35
12.50
13.84
14.00
13.50
13.03
11.98
12.26
14.41
21.13
13.45
13.50
14.03
12.28
13.16
13.01
12.55
13.64
12.41
12.55
13.15
13.74
12.02
13.19
12.61
12.63
12.21
11.80
12.94
13.13
12.17
12.99
12.68
12.73
12.81
14.18
13.19
12.64
12.71
13.03
12.87
13.60
13.10
12.08
12.93
12.97
12.68
13.19
13.50
12.44
12.54
13.13
12.10
12.66
12.45
12.44
12.66
12.47
12.31
13.37
13.11
12.92
12.84
12.90
12.35
11.96
12.66
13.10
13.34
12.86
11.87
12.39
12.36
12.64
12.52
12.79
12.75
13.15
12.74
12.76
12.38
11.83
12.41
13.04
12.38
11.81
12.48
12.59
13.15
12.36
12.77
12.29
12.66
13.00
13.47
12.71
12.40
12.95
12.92
12.70
13.25
13.40
13.01
13.16
13.17
13.01
11.90
13.06
13.28
13.79
13.45
13.06
13.08
13.86
13.22
12.56
12.21
12.55
13.37
12.50
12.75
13.06
12.34
12.61
12.93
12.71
12.60
12.83
12.92
12.41
13.67
12.53
12.52
13.17
12.46
13.08
12.29
13.20
12.74
12.41
13.27
13.32
12.95
12.08
13.08
12.65
12.52
12.66
12.45
12.61
11.39
11.72
12.45
12.75
14.00
12.87
12.86
12.19
11.98
11.93
12.73
13.41
13.79
12.49
12.47
12.47
12.97
12.59
12.73
12.24
11.35
12.86
12.59
13.39
13.21
13.08
13.30
12.60
12.32
12.52
12.88
13.15
14.03
12.71
12.66
11.91
12.24
12.27
13.36
12.83
13.40
13.06
13.05
13.45
12.90
12.41
12.92
12.03
12.19
12.97
12.29
12.71
13.07
12.23
11.56
13.13
12.37
12.90
13.29
13.42
13.21
13.59
12.67
13.45
13.51
13.37
13.74
13.01
12.81
12.54
13.22
12.77
18.77
13.02
12.61
12.86
12.89
12.81
12.61
13.45
13.62
14.10
13.23
12.60
12.99
12.85
11.85
12.96
13.31
13.37
13.02
12.87
12.42
12.20
12.29
13.29
12.68
12.49
13.31
12.74
13.18
12.66
12.37
12.08
12.95
12.61
11.81
12.53
13.02
12.13
13.15
12.81
12.66
12.94
12.54
12.89
13.54
12.02
12.81
13.01
12.00
11.98
12.74
13.87
13.22
12.45
12.44
12.11
12.63
12.52
12.29
12.25
12.67
12.93
13.19
13.01
12.80
19.27
13.37
13.10
13.24
13.37
13.04
13.68
13.44
13.09
12.94
12.63
13.46
13.49
14.06
12.73
12.90
12.41
13.27
12.65
13.74
12.62
12.37
12.40
12.43
12.05
11.93
12.89
12.61
12.82
12.94
12.41
13.12
13.36
12.08
12.62
12.45
12.76
13.56
12.90
12.55
14.06
13.04
13.70
13.08
12.87
12.22
12.57
12.96
12.00
12.20
12.92
12.88
12.51
12.41
12.57
12.34
11.68
12.75
12.10
11.96
12.64
12.47
12.51
12.12
12.12
11.45
12.85
13.04
12.80
13.85
12.82
12.70
12.46
18.93
12.98
11.97
12.65
13.01
13.00
12.62
12.82
13.70
13.32
12.33
13.23
12.74
12.63
12.70
13.47
13.29
13.04
13.64
13.03
12.89
12.78
12.80
13.45
14.14
12.52
12.49
12.97
12.93
12.96
13.05
12.06
12.01
12.90
12.87
13.15
13.27
12.78
12.60
13.40
13.17
13.18
12.23
13.13
12.53
12.50
12.40
12.29
12.27
12.33
11.94
12.98
13.31
12.35
13.35
12.82
12.42
12.53
12.26
12.93
12.15
12.30
11.90
11.90
12.19
11.63
10.91
12.62
12.84
13.47
12.88
14.13
20.44
12.70
11.82
12.81
13.36
13.18
12.75
13.91
12.73
12.81
12.92
13.90
12.71
12.30
13.04
12.10
12.00
12.61
13.59
12.21
12.33
12.59
13.38
13.17
13.36
12.55
11.92
11.71
12.76
12.97
12.73
12.87
13.47
13.53
12.60
12.27
13.42
12.82
12.23
12.13
12.31
12.50
12.74
11.94
12.85
12.26
12.54
12.68
11.89
12.52
12.39
13.24
11.91
12.47
12.49
11.69
11.46
12.54
13.28
13.48
12.51
13.08
12.93
12.80
13.01
12.14
13.64
12.90
13.05
13.14
13.18
12.63
12.67
12.60
12.73
12.58
13.06
13.66
12.70
12.57
12.87
13.17
13.89
12.57
12.51
12.71
12.70
12.42
12.19
12.48
12.08
12.84
12.37
11.96
12.32
11.73
12.28
12.47
10.95
11.41
12.18
13.26
13.61
13.90
12.97
12.30
13.91
13.63
12.77
12.25
12.42
13.08
13.16
12.81
12.86
12.82
12.69
12.32
12.41
13.46
12.31
11.86
12.12
13.17
12.08
11.60
12.61
12.91
13.03
12.86
14.04
13.43
13.22
13.30
12.35
12.20
12.35
12.14
12.80
11.96
13.03
12.92
12.01
12.84
13.51
11.99
12.69
19.73
12.59
12.16
12.34
13.71
12.87
13.28
13.58
13.41
13.46
12.38
11.81
11.51
12.04
12.78
12.85
13.88
13.07
12.91
12.18
11.75
11.91
12.20
13.32
13.33
14.21
12.63
13.73
13.48
12.57
12.80
13.65
12.71
12.54
13.15
12.67
12.30
12.66
12.48
12.96
12.73
11.94
12.45
12.72
12.54
12.59
12.52
12.34
13.46
12.41
12.99
12.17
12.19
12.39
12.44
13.48
12.50
12.40
12.06
12.86
13.12
12.95
12.47
12.60
12.64
12.79
13.38
13.28
13.45
12.81
12.46
12.47
12.85
12.28
12.71
13.06
13.41
13.26
11.98
12.11
12.32
12.33
12.68
12.62
12.72
12.42
12.67
13.21
13.18
13.13
12.82
12.40
13.21
12.49
12.94
13.06
11.60
12.87
13.18
13.08
12.83
12.06
12.98
12.83
13.60
13.62
13.93
12.64
12.58
13.02
13.10
12.24
12.65
12.93
12.96
13.07
12.60
12.87
13.28
13.16
12.38
12.84
12.40
12.71
13.61
13.92
13.67
12.78
13.60
12.98
12.93
13.15
13.97
13.83
13.15
12.53
12.67
12.13
13.08
13.63
12.56
13.34
13.66
12.76
13.05
12.70
13.07
13.23
13.18
13.13
13.65
13.26
12.92
12.69
12.45
13.71
13.25
12.29
12.89
12.15
12.01
12.38
12.88
12.73
12.48
12.41
11.89
13.21
12.86
12.69
11.59
12.76
12.72
13.02
13.90
12.96
12.88
13.55
12.87
12.97
12.74
13.44
13.03
11.76
12.81
12.92
12.67
12.75
12.08
12.32
12.94
12.56
13.39
12.50
13.24
12.78
12.55
13.04
14.03
12.86
12.59
11.95
12.75
12.06
11.88
12.13
12.92
13.51
12.88
12.94
13.77
12.35
12.99
13.10
13.03
13.34
13.11
13.08
12.84
13.18
12.73
12.51
13.01
12.80
12.92
12.21
13.11
13.12
12.91
12.24
12.74
13.13
13.29
13.04
12.05
13.66
12.43
12.90
12.59
13.17
13.49
12.42
12.80
13.49
12.53
12.75
13.36
12.88
13.41
13.17
13.53
13.02
13.21
13.80
13.36
14.13
13.87
13.41
12.86
12.03
12.60
13.37
13.24
13.20
12.86
12.48
12.73
13.12
13.08
11.78
12.14
11.86
13.39
12.61
12.45
12.19
11.54
12.94
12.47
13.18
13.36
12.69
12.81
12.91
12.23
12.13
12.21
12.08
12.76
13.42
12.98
12.49
13.01
12.76
11.97
12.12
12.23
12.54
12.83
13.06
13.02
12.91
13.07
12.58
12.58
12.10
12.66
11.81
12.64
13.70
11.81
12.91
13.01
13.45
12.85
12.54
12.65
12.99
12.83
12.03
13.30
13.12
12.38
13.13
13.49
13.62
12.68
12.22
13.21
12.66
12.69
12.63
12.66
13.64
12.82
12.19
12.09
13.14
12.26
13.32
13.05
14.17
13.35
12.45
11.59
13.19
12.95
12.63
12.99
12.71
12.86
13.05
12.74
12.96
12.28
12.18
11.87
12.30
12.39
13.06
12.76
12.91
13.67
12.92
12.69
13.08
12.66
12.91
13.03
12.98
13.46
12.30
11.98
12.87
12.95
12.93
13.99
13.13
12.62
12.00
12.65
13.18
12.49
12.76
12.63
12.55
12.17
13.06
12.51
11.99
12.51
13.02
12.64
13.25
13.13
13.61
13.62
12.66
13.06
13.47
12.39
12.70
12.32
11.98
12.36
12.74
13.07
12.86
13.07
11.98
12.71
13.58
12.69
12.15
11.61
12.04
13.14
11.80
12.27
12.17
13.00
12.41
12.58
12.23
12.34
12.88
12.11
13.13
12.23
11.23
11.94
12.36
12.56
12.34
11.96
11.99
13.47
14.36
14.46
13.01
12.88
13.20
12.68
12.99
12.58
12.16
12.67
13.49
12.36
12.21
12.46
12.78
13.24
13.41
12.79
13.57
12.80
13.69
13.22
13.47
12.92
12.20
11.94
13.01
12.78
13.30
13.26
12.84
13.01
13.47
13.26
13.11
13.41
12.33
12.50
11.91
12.95
13.69
13.55
12.47
12.68
12.34
12.44
12.90
12.38
11.90
12.10
12.90
12.94
13.44
12.60
12.59
12.85
11.87
11.57
12.37
11.89
12.76
12.11
11.93
13.06
12.89
13.27
12.39
12.51
13.03
12.41
13.74
12.51
13.14
12.19
12.04
13.19
12.61
12.20
12.38
12.42
13.55
13.16
13.03
13.20
12.75
13.04
12.79
13.41
13.81
13.11
12.21
12.82
12.21
12.81
12.51
14.13
13.94
13.21
12.07
12.07
13.22
13.34
13.69
13.30
12.20
12.04
12.48
12.68
12.47
12.94
13.15
13.54
12.20
12.69
12.88
13.56
13.07
14.13
13.67
12.72
13.16
12.48
12.43
12.97
13.02
13.79
12.93
11.91
13.38
13.10
13.85
13.28
12.64
13.73
13.34
12.32
11.71
12.97
11.75
12.18
12.28
12.36
12.02
13.49
13.59
12.65
11.41
11.63
12.23
13.35
13.60
13.50
12.95
14.14
14.23
13.54
12.47
13.54
13.40
13.36
13.19
12.84
12.12
12.02
12.52
12.18
13.09
13.60
13.18
13.95
12.83
12.08
12.39
11.84
12.39
12.52
12.96
12.40
12.34
12.46
12.76
13.60
12.71
13.22
12.36
12.79
12.53
12.97
13.23
12.43
12.88
12.14
12.53
13.67
13.93
14.28
13.12
13.28
12.93
12.61
12.49
13.03
13.65
13.38
12.67
13.91
12.64
13.05
12.61
12.70
12.38
13.74
12.78
12.78
12.63
13.35
13.32
11.74
12.73
11.75
13.53
13.02
13.03
12.91
12.57
12.86
12.67
11.69
12.27
12.35
13.15
12.91
12.70
13.17
12.82
12.62
12.23
13.32
13.41
12.89
12.42
12.37
12.53
12.65
12.65
12.14
12.10
12.44
13.90
12.67
13.28
12.60
12.63
13.72
14.32
12.54
12.08
12.48
12.59
12.32
12.02
12.16
12.68
12.26
12.55
13.00
13.23
12.95
13.02
13.35
12.19
11.88
12.18
13.24
13.11
12.33
12.65
13.02
13.29
13.10
13.09
11.88
13.06
11.97
12.56
19.28
13.33
12.72
13.47
12.58
11.99
13.36
12.58
11.94
13.42
12.38
13.20
13.58
13.46
13.60
12.83
11.49
12.37
13.18
12.11
12.52
12.87
13.82
12.93
13.67
13.05
13.04
12.22
11.39
12.01
11.68
12.30
13.44
11.98
12.79
12.65
13.17
12.64
12.66
13.17
12.27
13.20
12.94
13.38
12.64
12.05
12.15
13.18
13.27
12.95
13.02
12.25
12.88
13.23
12.37
12.38
13.02
12.79
13.11
13.00
11.73
12.32
12.89
13.70
12.27
12.16
12.95
13.03
13.35
13.58
12.62
13.58
12.89
13.58
13.51
12.32
12.73
13.27
12.49
12.40
12.26
12.92
12.58
12.41
11.71
13.32
13.23
12.18
12.72
12.62
11.99
13.42
12.92
12.29
12.89
12.67
12.87
13.64
13.60
12.92
12.86
12.68
12.55
12.90
13.20
12.80
12.93
13.35
11.93
12.29
13.64
12.61
12.38
12.96
12.65
12.94
12.66
12.41
11.70
12.13
12.63
13.95
13.46
13.71
20.49
13.37
12.57
12.01
12.55
12.72
13.41
13.72
14.10
13.33
13.76
12.43
12.77
13.04
13.05
13.04
13.68
13.73
13.28
12.28
12.22
13.27
12.46
11.98
12.80
13.00
12.91
12.82
12.95
12.90
12.87
12.41
11.67
12.63
13.18
12.26
12.25
12.97
13.45
12.53
12.05
12.41
12.85
12.76
12.99
12.55
12.68
12.59
12.10
12.37
12.99
12.68
12.47
12.85
13.04
12.13
13.46
13.22
13.04
12.91
12.96
12.32
12.57
12.57
11.88
13.14
13.04
12.81
12.46
12.35
12.04
12.64
13.08
13.49
13.24
11.71
12.68
13.16
13.07
13.43
12.29
12.63
12.47
12.92
12.52
11.83
12.18
12.91
12.73
13.21
12.50
12.55
11.61
11.61
12.40
12.86
12.03
11.19
12.30
13.26
12.47
12.52
12.34
12.79
12.83
13.11
13.59
12.54
13.00
12.99
13.35
12.21
12.85
12.98
12.26
12.85
12.27
12.53
12.57
13.45
12.57
12.39
12.57
12.26
13.57
12.56
12.37
12.26
12.05
12.47
13.94
12.50
13.06
12.84
11.96
11.49
12.20
13.07
13.19
12.35
13.18
12.72
12.60
12.46
12.52
12.64
12.67
12.78
12.91
13.37
12.30
13.27
12.69
13.08
12.99
13.11
12.65
12.92
12.41
12.21
13.00
12.98
12.58
12.68
12.55
12.35
12.24
12.58
12.43
12.61
12.42
13.51
13.22
13.74
13.07
12.86
12.86
12.43
13.00
13.19
13.17
12.49
12.57
13.38
12.87
12.25
13.14
12.30
13.82
13.14
12.80
12.38
12.48
12.37
13.00
12.92
12.11
12.74
12.80
14.19
13.18
12.72
18.91
12.74
12.90
12.17
13.47
12.31
12.73
13.02
12.80
13.21
13.40
13.00
12.93
12.75
12.38
12.14
13.10
14.30
13.77
13.70
12.94
12.65
12.75
13.54
12.75
13.08
12.20
12.32
12.04
13.34
12.33
12.96
12.35
12.74
13.24
11.93
13.06
12.82
13.71
13.09
13.50
12.89
13.08
13.50
12.32
12.06
12.50
13.13
12.71
13.57
20.38
14.31
12.73
11.78
12.86
13.33
13.79
13.58
13.31
12.46
12.65
12.89
12.93
13.22
12.22
13.47
13.45
13.11
13.28
12.88
12.68
13.58
13.18
13.86
12.46
12.24
12.77
12.78
12.20
11.68
12.21
12.93
13.22
13.24
12.91
12.85
12.43
12.81
12.27
12.57
12.90
11.96
11.40
11.44
12.29
13.51
12.36
12.33
12.69
12.40
11.57
12.76
12.99
13.30
12.59
12.96
12.21
12.49
13.38
12.94
13.14
12.54
13.09
12.34
12.14
11.58
12.83
13.19
13.25
12.59
13.07
12.64
13.43
12.82
12.66
12.82
12.99
12.87
12.87
13.17
12.80
12.68
12.94
12.43
13.89
13.40
12.50
12.90
13.52
12.93
12.84
13.01
12.93
13.20
12.73
12.57
13.41
13.37
13.35
12.52
12.87
11.95
12.90
12.11
12.56
11.88
12.28
13.67
13.29
12.91
13.42
12.61
13.40
12.65
12.69
11.43
13.29
13.67
13.30
12.90
13.07
12.74
12.54
12.35
12.54
12.42
12.95
12.25
12.57
13.07
12.93
12.62
13.39
12.29
12.53
11.66
12.32
13.13
13.71
13.31
12.69
12.23
12.24
12.41
12.66
12.50
12.82
12.92
12.94
12.53
12.93
12.51
12.36
12.88
12.01
12.90
12.84
12.54
12.61
12.45
11.87
12.41
12.48
12.59
13.72
13.05
11.88
13.36
12.76
12.18
12.77
12.58
13.22
12.47
13.39
12.96
12.69
12.11
13.23
12.41
12.93
12.68
12.12
12.14
12.31
12.97
12.20
12.85
12.52
12.77
12.42
12.29
12.84
12.48
12.68
12.53
12.52
13.06
12.79
12.34
11.86
12.70
13.40
12.28
12.80
11.96
13.59
12.82
12.25
13.29
13.01
13.12
12.89
12.54
12.32
12.01
11.66
13.03
13.05
13.46
12.92
13.32
13.22
13.88
14.23
12.60
12.80
13.26
12.28
12.32
12.64
11.98
12.33
13.73
12.27
12.02
13.18
13.01
12.66
12.26
12.25
12.76
12.99
13.05
12.23
12.03
12.84
12.85
13.13
12.55
13.06
13.25
13.38
12.49
13.06
12.81
12.81
12.78
13.42
13.38
13.26
12.71
12.91
12.71
13.00
14.07
12.88
18.89
12.47
12.54
14.14
13.64
13.82
13.81
13.88
12.89
12.79
13.22
12.75
12.15
12.48
12.46
12.80
11.89
12.22
12.62
12.15
12.16
12.17
12.68
12.09
13.22
13.02
13.05
12.72
12.51
13.00
12.77
12.73
12.55
12.76
13.10
13.02
13.17
13.10
13.67
14.25
12.73
12.43
12.69
12.54
12.84
12.93
12.70
12.69
12.22
12.61
12.29
13.56
12.04
12.27
12.24
12.43
12.82
12.12
12.51
13.32
12.73
12.62
12.80
13.61
12.93
14.05
12.61
12.83
12.51
12.76
12.93
13.68
12.68
12.93
12.81
12.48
12.92
12.57
12.54
12.95
12.13
12.89
11.95
12.13
11.89
12.81
12.77
12.17
12.75
13.26
13.70
12.22
13.13
19.48
12.15
11.22
11.20
12.41
12.54
12.20
12.73
12.08
12.84
12.62
12.50
12.98
12.97
12.82
13.32
13.80
12.94
12.25
11.87
12.50
13.40
12.86
12.09
11.85
12.83
13.09
13.14
13.17
12.39
12.53
13.01
13.40
13.08
12.91
13.64
12.88
12.80
12.43
13.16
13.05
13.08
12.44
12.33
12.78
12.03
12.71
12.65
12.54
12.93
11.91
12.08
12.20
12.79
12.86
12.39
12.63
13.04
12.93
13.24
13.55
12.66
12.25
12.61
12.59
12.44
13.14
13.37
12.85
13.64
13.09
13.46
13.17
12.59
12.81
12.63
13.51
14.08
12.87
12.19
12.20
12.31
12.61
12.20
12.16
13.21
13.93
13.83
13.41
12.41
12.20
12.99
12.98
12.68
13.29
12.51
12.46
13.01
11.72
13.19
13.21
12.69
12.37
12.43
12.82
12.86
12.88
12.32
12.39
12.33
11.63
11.96
11.87
13.39
12.44
11.94
12.90
13.01
13.06
13.07
12.92
13.45
13.62
13.85
13.55
13.29
12.82
12.78
12.30
13.34
13.13
12.64
12.21
12.48
13.17
12.68
11.86
12.21
12.09
13.08
13.22
12.81
12.26
12.25
12.90
13.89
12.95
12.77
12.27
12.30
13.18
12.93
12.22
12.94
13.29
12.02
11.47
12.27
12.84
12.82
12.71
12.81
12.99
12.93
12.25
12.91
13.13
12.94
12.24
12.55
13.28
11.74
12.27
12.69
13.26
12.29
13.10
12.67
12.66
13.06
12.81
12.77
13.08
11.80
12.42
12.84
12.39
12.23
12.78
12.56
13.15
13.06
12.79
12.06
12.22
13.57
13.38
12.73
13.35
12.37
12.95
12.71
12.10
12.84
12.90
13.33
13.11
12.80
11.90
12.31
13.32
12.97
13.59
12.44
11.69
12.62
13.18
12.73
12.63
12.37
13.37
13.82
12.61
11.83
12.14
12.37
12.49
12.93
12.36
12.92
13.86
13.09
12.64
13.10
13.41
12.99
12.83
13.19
12.29
12.26
12.84
13.49
11.83
12.02
12.39
13.01
12.42
12.22
12.89
12.37
13.09
12.47
12.49
13.51
12.50
12.17
12.54
12.24
12.05
12.39
13.12
12.80
11.97
13.10
12.63
13.18
12.29
13.14
13.18
13.46
13.03
13.16
13.22
13.18
12.66
12.57
12.10
12.87
12.42
12.63
12.39
12.58
13.42
13.10
13.48
13.65
12.60
11.68
12.39
13.87
13.25
12.68
12.82
12.79
12.50
13.05
12.15
12.57
12.70
13.41
13.90
11.72
11.94
12.36
12.50
12.63
13.33
12.63
12.40
11.92
12.71
13.99
13.01
13.26
12.34
12.95
13.37
12.87
13.07
13.90
13.56
13.36
12.90
13.70
12.75
13.02
13.00
12.25
12.48
11.85
12.36
12.37
13.02
12.68
13.41
12.75
12.24
11.98
12.68
12.72
11.59
12.96
12.39
12.98
12.98
13.71
13.17
13.34
12.45
12.67
12.82
12.80
13.65
13.20
13.07
12.50
12.08
12.44
12.87
12.45
12.70
13.05
12.97
19.80
13.83
12.43
13.21
13.24
12.33
13.37
13.21
13.04
12.26
13.59
12.77
13.07
13.37
13.43
13.86
13.53
12.91
12.99
13.28
12.86
11.89
12.56
12.37
12.70
13.20
13.27
13.73
13.61
13.92
13.06
12.68
13.55
12.86
12.55
11.78
12.74
12.50
12.73
12.57
13.19
13.18
12.55
12.25
12.87
13.03
13.79
13.65
13.24
13.00
12.65
12.11
13.04
12.09
13.14
13.08
12.65
12.17
12.40
12.96
13.30
12.54
13.07
12.24
12.29
12.30
12.76
12.46
12.65
12.73
13.01
12.79
13.23
13.07
13.05
12.50
12.58
12.57
12.48
12.41
12.08
13.04
13.34
13.66
14.23
13.39
13.84
13.27
14.33
13.02
12.10
12.26
12.82
13.27
13.09
12.30
12.53
13.26
13.46
13.19
12.80
13.06
12.86
13.62
12.12
12.29
12.59
12.43
13.22
13.53
12.23
18.51
12.87
11.93
11.95
13.51
12.61
13.53
13.02
12.60
13.27
13.50
13.00
13.01
11.99
12.37
12.66
12.54
12.27
12.87
12.37
12.28
13.26
12.64
11.92
12.14
11.97
12.23
13.49
14.02
12.15
13.25
11.88
13.07
12.61
12.33
12.69
13.43
12.74
12.33
12.66
11.76
13.09
12.94
12.10
12.08
13.70
12.95
12.73
13.43
12.72
13.34
12.89
13.27
12.63
12.71
14.45
13.97
13.76
12.79
13.63
13.86
13.58
12.95
13.54
13.63
12.81
12.23
13.39
12.72
12.62
12.76
14.12
12.61
12.81
12.58
12.36
12.64
12.47
12.49
12.21
12.93
12.68
11.97
13.72
12.81
12.41
12.41
11.59
13.05
12.13
12.73
12.38
13.23
13.45
13.39
13.44
12.96
12.61
12.35
11.78
12.96
12.83
12.55
11.28
12.17
12.90
13.69
13.49
13.02
12.57
13.06
12.74
12.34
12.32
12.39
11.97
12.45
12.63
12.94
13.26
13.24
13.62
13.86
13.07
12.32
12.57
13.37
11.60
11.88
12.85
13.18
12.30
13.34
12.76
12.29
13.33
13.32
12.71
14.34
13.13
12.54
13.11
13.42
12.50
13.18
13.34
13.21
13.03
13.78
12.79
13.02
13.02
13.03
12.71
12.95
13.04
12.95
13.10
13.16
14.07
13.65
12.14
12.45
12.45
13.80
12.51
13.04
13.36
13.00
13.49
12.25
12.64
13.39
13.07
12.92
13.61
13.54
13.31
13.28
13.10
12.98
12.99
13.40
13.17
12.35
13.13
11.99
12.02
12.22
12.46
12.53
12.50
19.48
13.25
12.35
13.13
12.45
12.78
12.78
13.82
12.47
13.10
13.18
12.82
12.54
13.60
12.97
12.20
13.05
12.99
13.07
13.05
12.47
13.48
12.36
12.56
13.17
13.42
13.29
13.03
12.54
12.70
13.88
12.97
12.80
12.86
12.72
13.33
12.80
12.92
13.10
