36.42
56.97
62.31
55.23
49.96
44.82
40.16
36.24
33.42
30.58
29.93
28.78
28.29
27.58
27.44
26.05
26.68
26.94
25.87
26.63
28.18
28.42
25.64
27.27
27.23
26.03
24.43
24.79
25.58
27.95
26.60
26.59
26.52
25.23
25.81
25.60
27.23
26.35
25.64
27.04
26.98
27.81
26.20
26.56
26.58
25.99
25.46
26.96
26.07
27.28
26.24
26.70
26.59
26.85
26.28
27.30
28.43
26.35
25.98
25.58
24.86
26.72
26.47
25.68
26.07
26.20
27.99
26.54
27.22
27.24
25.13
25.81
24.79
25.39
26.05
25.84
24.84
25.18
25.83
25.44
25.39
26.37
26.90
25.22
26.30
26.05
26.02
26.44
26.60
26.89
27.36
26.28
28.06
27.10
26.02
26.70
26.32
27.07
26.86
25.96
25.99
28.06
26.94
26.97
25.68
26.28
26.45
25.29
26.20
26.48
27.04
23.80
26.58
26.72
26.55
26.41
26.67
24.65
25.85
27.64
27.92
25.85
26.27
26.75
26.35
25.54
25.90
26.45
26.43
25.55
26.21
26.45
25.04
25.30
27.99
26.76
25.71
26.51
27.04
27.68
27.69
25.79
26.73
28.09
28.22
26.57
26.27
27.63
26.93
26.16
26.67
26.25
26.76
27.51
26.26
25.76
26.34
26.30
25.54
24.58
26.53
25.69
25.21
26.76
24.96
26.16
25.31
27.03
25.34
27.15
27.44
25.76
27.34
27.80
27.28
27.43
26.86
26.81
26.72
26.95
27.76
26.46
26.54
25.51
25.19
26.71
26.81
26.72
27.87
27.14
26.81
26.51
26.02
27.21
26.66
25.77
24.44
26.70
26.82
25.98
25.72
27.10
26.85
26.24
26.02
26.33
27.42
26.79
27.65
26.69
26.12
27.09
26.62
27.24
27.18
26.06
25.49
26.22
26.91
27.44
25.88
26.30
26.37
26.16
26.27
28.46
26.83
27.40
27.06
25.88
24.86
26.83
26.75
26.28
25.96
26.55
25.82
27.30
26.00
27.40
26.62
25.37
25.59
26.64
26.18
25.68
25.45
25.50
26.44
25.27
25.65
25.69
24.58
25.74
25.95
26.69
25.98
26.16
28.39
28.41
27.48
25.84
26.22
26.24
26.22
24.98
25.86
25.96
27.18
27.50
27.72
26.75
25.61
25.76
26.14
26.05
26.24
26.99
27.36
26.66
26.36
28.02
27.35
25.85
27.14
25.59
26.02
26.38
26.74
26.85
26.61
27.61
26.93
27.12
27.40
26.47
26.78
26.74
27.75
26.22
26.94
25.94
26.15
25.99
26.31
26.28
24.13
26.01
26.23
26.28
26.17
25.89
26.80
25.62
25.87
25.22
25.42
27.55
25.98
25.27
24.81
26.06
26.11
27.03
25.53
26.14
26.99
25.86
27.60
25.06
27.31
27.40
26.90
27.34
26.08
25.22
25.28
26.00
26.78
26.75
26.85
26.84
26.52
26.20
26.48
27.60
27.03
25.11
26.41
26.05
25.47
23.96
26.00
26.13
27.12
26.18
26.76
26.13
26.33
26.24
25.35
26.05
27.47
26.88
26.49
25.85
25.57
25.73
24.98
26.42
27.41
26.47
25.95
26.82
27.03
25.63
27.71
27.33
25.55
25.95
26.36
25.24
26.35
27.25
26.82
26.35
26.57
27.37
25.99
27.52
27.34
26.18
24.63
26.24
26.47
26.32
26.85
25.60
26.58
26.33
26.03
25.17
26.16
26.62
27.00
25.58
26.59
25.96
26.04
24.78
25.23
26.20
24.83
26.25
27.23
27.46
26.89
26.33
26.25
26.74
27.45
26.72
26.46
25.76
25.34
27.27
26.30
25.16
26.19
26.78
26.46
25.45
27.09
25.54
25.59
25.88
25.48
25.65
26.73
25.90
26.30
25.96
26.79
27.51
25.73
25.93
26.33
26.86
26.89
26.39
26.93
26.78
25.09
25.61
26.20
25.46
24.46
25.51
26.83
26.03
26.46
25.11
26.42
25.76
25.71
26.51
25.76
25.91
25.77
26.78
26.81
26.82
27.02
27.07
26.20
25.41
25.40
25.94
26.94
26.48
26.73
26.44
26.28
25.80
27.04
25.70
25.04
25.71
26.37
24.85
25.73
25.78
25.21
26.04
26.55
26.40
27.38
26.86
27.20
26.66
26.63
27.59
26.56
25.68
25.42
25.61
26.35
24.82
25.34
25.43
25.04
25.75
25.77
26.05
27.18
26.72
26.25
26.24
25.74
25.80
26.72
26.47
25.88
26.97
26.45
26.52
26.78
26.43
26.49
27.54
24.74
25.28
27.27
27.00
27.58
25.80
26.39
27.33
25.21
25.72
26.69
26.31
26.39
26.29
26.10
25.56
26.89
26.47
25.35
25.18
24.95
25.86
25.28
26.51
25.13
25.72
25.92
25.89
26.85
25.35
25.30
25.33
26.68
25.74
25.50
25.12
27.27
26.97
25.99
25.28
26.04
25.84
26.79
26.60
25.78
25.90
26.18
25.55
25.86
24.72
24.42
26.28
26.03
25.71
25.71
25.24
25.94
27.72
27.60
27.60
28.09
26.35
27.09
26.13
27.12
27.88
28.42
25.67
26.79
26.46
26.28
26.80
27.85
26.93
26.43
27.36
26.98
25.97
26.40
26.31
27.12
27.29
26.70
25.59
25.08
25.66
26.73
26.71
26.66
25.92
25.88
26.57
25.82
25.77
24.73
26.71
26.69
25.97
26.41
25.98
26.01
25.72
27.44
26.83
25.43
27.19
26.74
26.46
25.51
24.78
26.40
25.11
26.83
26.07
25.81
25.67
26.39
26.62
26.97
27.37
27.30
25.65
26.00
26.40
25.77
27.30
26.40
26.54
26.74
26.26
25.81
26.91
27.31
27.79
26.62
26.77
27.74
27.77
26.44
25.97
27.14
26.86
26.57
26.92
27.12
28.33
26.66
27.53
26.52
26.25
26.71
28.60
27.98
26.00
26.66
26.02
24.82
25.26
25.76
25.37
25.74
27.38
26.42
25.63
25.69
27.36
28.94
27.19
27.19
26.24
26.82
28.02
25.61
26.49
25.47
27.16
27.41
25.49
27.39
25.16
26.55
26.39
28.40
26.24
26.82
25.35
27.15
25.25
25.43
26.04
25.91
25.49
24.53
25.55
25.88
26.99
26.57
25.80
24.67
25.53
26.69
28.33
26.09
26.58
27.35
26.67
25.62
27.35
27.08
25.73
26.13
26.69
25.97
25.41
24.75
24.45
24.97
26.12
25.51
24.89
25.79
25.45
26.20
25.39
27.42
26.25
27.80
27.26
26.26
26.64
26.46
26.11
27.19
24.31
25.90
25.40
26.26
26.58
27.36
26.29
26.34
25.47
25.43
27.16
26.78
27.69
26.38
25.43
26.49
25.93
25.44
26.73
26.63
25.52
26.75
27.05
27.15
25.99
27.88
27.29
26.35
27.17
27.63
26.24
26.67
25.84
26.84
26.81
26.11
26.64
25.73
25.79
25.09
24.82
26.08
28.00
26.62
25.74
27.02
27.67
26.06
26.28
25.78
26.26
26.83
26.96
25.95
26.42
26.06
25.18
25.42
25.38
26.18
26.55
26.09
25.32
25.06
26.14
27.11
26.34
26.03
27.09
26.82
27.47
28.67
29.60
27.19
26.48
26.21
25.81
27.02
26.44
26.17
25.56
25.86
27.26
26.09
26.22
26.22
26.36
26.72
25.97
26.37
25.58
26.14
25.87
25.74
26.07
26.94
27.65
26.24
26.50
26.84
27.01
27.76
26.57
26.66
25.90
26.96
26.78
25.81
26.90
27.07
27.30
27.01
27.12
26.70
26.95
27.15
26.52
27.87
26.50
27.42
27.04
26.07
27.39
26.36
25.78
26.12
27.10
26.25
26.25
25.11
25.59
26.76
24.80
27.26
27.69
25.90
25.07
26.38
25.78
26.71
27.56
26.96
26.67
26.30
25.75
26.10
26.11
25.69
25.60
26.80
27.11
26.91
25.49
26.28
26.20
26.69
25.57
27.22
27.44
25.57
25.67
25.79
25.91
27.40
28.09
27.10
26.44
26.89
26.01
25.34
26.37
26.86
26.62
27.00
26.29
26.79
27.50
26.14
25.16
26.37
26.92
26.10
27.07
26.84
27.24
28.27
26.57
25.97
27.15
27.01
26.96
26.74
24.72
25.37
27.23
27.13
25.92
25.96
27.26
26.39
26.58
26.04
25.21
25.90
26.79
26.17
26.96
26.37
26.98
27.42
27.89
27.05
26.93
26.29
26.48
26.42
25.14
25.89
26.99
27.59
27.59
27.37
27.40
27.69
25.76
27.36
27.79
27.81
26.38
25.70
27.29
26.31
26.76
27.91
27.73
25.74
25.15
26.84
27.16
26.40
26.89
27.90
27.28
27.04
26.38
25.95
26.72
27.16
27.28
26.63
26.24
25.61
26.01
27.04
27.37
27.36
26.43
25.22
25.95
25.65
26.00
26.09
26.27
26.67
26.52
25.54
25.62
26.06
26.80
25.24
26.22
25.94
27.63
25.90
25.03
26.34
25.71
25.39
27.43
27.54
27.18
27.18
26.08
27.09
26.81
26.21
26.67
27.53
26.76
26.44
25.39
26.74
26.02
25.08
27.33
26.89
26.56
27.36
26.34
26.04
25.61
26.59
26.51
25.43
26.25
26.76
26.03
26.22
26.61
26.32
25.90
25.09
26.08
26.64
27.52
25.52
25.11
27.18
26.96
27.63
25.88
25.54
26.83
25.97
25.71
25.19
26.85
27.36
27.04
27.32
26.48
25.66
26.17
25.40
24.31
26.62
26.65
25.19
24.88
26.51
25.35
25.24
25.75
25.38
26.12
25.80
25.91
25.91
25.60
26.49
25.32
25.78
27.17
25.63
27.72
26.23
25.49
25.08
25.50
25.06
26.48
25.02
25.83
26.27
26.57
26.24
27.51
26.41
25.52
25.56
26.43
27.37
25.57
26.56
26.47
26.09
26.50
26.20
26.84
26.84
25.67
25.72
26.42
25.28
27.64
28.04
25.71
25.71
26.67
25.80
26.78
27.41
27.51
26.90
25.46
25.85
26.30
26.52
26.57
25.79
26.76
26.82
25.57
26.64
25.61
25.66
25.44
26.59
25.39
26.40
25.80
28.36
26.09
26.42
27.94
26.81
25.77
25.87
24.79
24.55
25.79
26.02
27.01
25.97
40.09
28.10
26.34
26.85
26.26
28.38
26.71
26.78
26.84
26.11
26.92
26.38
41.11
27.75
25.61
25.95
25.63
26.37
27.16
26.24
27.26
26.62
25.24
25.51
25.07
26.22
25.04
26.40
25.80
25.20
26.06
26.91
27.65
26.41
27.40
25.93
26.47
26.28
26.87
26.50
25.13
25.86
26.49
26.73
27.57
25.80
26.15
27.19
26.53
25.75
25.34
26.12
27.60
26.43
26.62
25.44
26.52
26.52
25.72
26.35
26.48
26.39
26.31
25.57
24.96
26.94
26.69
25.35
25.81
26.46
27.27
28.35
27.19
27.73
27.65
26.67
26.27
25.55
25.66
27.31
26.92
26.16
25.88
26.32
27.32
27.19
25.69
24.65
24.85
26.29
25.61
27.09
25.80
25.94
27.00
26.62
25.03
26.81
26.77
26.01
26.73
25.71
26.03
25.79
26.26
26.57
27.40
26.22
27.38
25.93
26.28
27.45
26.47
27.19
26.46
26.12
26.93
27.43
27.13
26.10
26.76
27.19
25.64
26.82
26.64
26.55
25.67
27.11
26.28
26.22
25.18
25.56
26.12
27.43
26.59
27.43
26.37
25.72
26.34
26.09
26.60
26.63
26.09
26.35
27.65
27.15
27.82
26.42
26.20
26.88
26.48
26.39
27.27
25.91
26.43
26.46
25.45
25.68
25.28
27.64
26.33
25.45
25.56
26.35
26.69
26.91
26.95
26.75
26.44
26.39
26.51
26.37
25.82
25.31
25.18
26.39
27.77
25.74
26.15
26.79
27.79
24.54
25.18
24.94
26.05
26.52
26.33
26.89
25.93
25.83
27.02
25.63
26.16
25.73
27.05
26.25
26.37
26.60
26.04
28.84
26.53
26.26
25.78
25.60
25.22
26.87
26.50
25.95
25.84
25.75
25.28
25.95
25.77
24.99
25.98
26.64
26.51
26.45
26.45
26.78
24.75
26.18
27.86
26.70
26.02
26.67
27.44
25.83
25.52
25.64
27.18
26.82
26.72
26.04
25.42
26.22
25.53
25.53
25.22
26.43
26.43
26.10
26.32
24.45
26.01
27.05
26.78
26.00
26.93
26.93
26.38
26.49
26.24
27.98
26.47
26.38
26.41
26.01
26.87
27.15
26.31
25.91
25.63
24.61
25.67
27.11
25.25
24.75
25.92
25.67
26.25
27.44
27.81
27.52
27.39
25.80
27.72
27.90
27.68
27.64
27.16
27.17
26.60
26.99
25.78
26.71
26.20
26.76
26.71
26.34
26.37
25.60
26.59
26.82
25.66
26.63
27.55
25.74
26.71
25.61
25.60
25.54
25.73
26.03
26.86
27.70
26.48
26.69
27.12
26.91
26.94
26.87
27.02
26.27
26.17
27.27
27.97
27.03
25.93
25.84
25.84
27.55
26.03
26.64
26.14
24.85
24.40
26.35
25.89
25.11
27.40
26.26
26.46
26.56
25.31
25.87
25.75
26.94
25.32
26.29
26.91
26.98
26.29
27.89
27.70
26.85
26.43
25.78
25.79
26.31
24.85
26.59
26.82
26.89
26.82
27.05
25.58
27.21
27.49
27.87
28.00
26.69
26.21
26.01
26.02
26.87
24.60
25.30
25.72
25.82
27.27
27.27
26.06
25.50
24.31
25.74
25.83
23.97
27.84
27.13
27.59
25.70
26.24
26.78
27.43
25.68
26.96
26.78
26.90
26.72
26.50
26.12
27.54
26.88
26.39
26.59
26.71
26.16
24.74
26.35
26.35
26.83
26.59
27.12
25.62
26.12
27.00
26.45
27.32
27.83
24.94
25.83
26.80
27.01
27.16
27.04
26.57
26.96
26.53
26.32
25.65
26.75
26.40
26.17
25.86
25.11
25.45
24.57
26.85
27.06
27.85
26.71
26.29
26.56
25.87
25.01
26.60
25.67
26.37
26.44
26.71
25.67
25.94
25.45
26.35
26.10
25.00
27.14
26.05
25.31
24.97
25.54
25.27
25.99
26.01
25.69
26.27
24.77
24.91
26.03
25.83
26.21
26.31
26.44
26.23
27.63
25.02
24.97
25.94
25.34
25.83
26.12
26.17
27.19
26.58
27.40
26.98
26.19
26.08
25.83
26.89
26.91
26.11
26.77
28.23
25.91
26.07
26.52
26.13
26.71
26.33
25.79
26.81
26.54
26.96
25.18
26.80
25.85
26.10
27.22
27.25
26.20
26.35
25.02
25.93
27.56
27.77
25.28
26.80
25.56
25.95
26.27
26.98
25.45
26.70
26.35
25.66
26.01
27.52
25.35
26.05
28.02
25.95
25.92
26.13
26.46
25.86
27.08
28.58
27.10
26.76
26.63
26.02
26.06
27.64
25.25
25.98
26.91
26.15
26.53
26.73
25.89
25.04
26.14
26.00
26.44
26.14
26.37
27.75
27.43
26.99
26.73
25.94
26.68
26.59
25.72
26.13
25.83
26.98
26.44
26.29
26.89
25.79
26.12
40.80
28.38
25.61
25.77
26.00
27.40
28.03
27.55
26.18
25.56
27.38
26.38
26.63
26.76
26.75
25.35
26.22
26.16
27.01
26.83
25.92
27.25
26.42
25.36
26.90
27.67
25.70
25.26
25.47
25.22
25.67
25.41
26.50
26.92
27.28
27.17
26.49
25.62
25.84
25.60
26.01
27.69
27.32
26.32
25.87
27.33
27.21
26.82
25.81
25.69
25.87
25.66
26.21
26.61
26.91
24.65
26.08
27.30
26.86
26.76
27.24
27.83
26.00
25.83
26.41
28.68
26.73
26.57
26.98
27.00
26.25
25.42
25.55
26.34
25.13
24.72
26.68
26.70
25.45
25.13
26.79
27.30
26.17
26.14
26.29
25.00
26.56
25.31
25.97
24.68
25.49
26.19
24.59
25.37
26.37
27.33
25.91
25.93
26.40
26.79
27.47
26.02
26.23
25.87
24.81
25.45
26.17
26.00
28.17
28.25
27.62
25.14
26.20
26.06
26.36
26.42
25.49
26.09
25.73
26.06
25.81
26.16
26.68
25.64
26.30
26.17
25.91
25.46
25.21
24.97
26.12
25.97
26.25
25.55
26.12
26.12
27.23
26.76
26.55
28.04
27.28
26.75
25.23
26.75
27.79
26.12
27.38
25.90
23.60
24.40
26.63
26.91
25.92
27.15
26.04
26.80
27.18
26.19
25.01
24.93
27.98
26.07
25.33
24.55
25.26
25.41
26.07
25.69
26.43
25.43
27.38
28.42
26.14
26.94
27.59
26.17
25.80
26.38
25.79
25.92
25.21
26.50
26.11
27.56
26.72
27.39
27.14
27.13
26.73
27.63
25.67
26.81
25.21
25.93
25.53
27.43
24.55
25.25
25.55
26.04
25.45
25.78
26.26
26.19
26.02
27.48
25.36
25.31
26.06
26.33
26.91
25.73
27.12
27.16
25.93
25.48
26.27
25.74
25.90
24.20
26.46
26.71
24.84
25.24
26.78
26.82
26.67
25.38
24.73
26.79
25.54
26.52
25.08
24.74
24.98
25.81
26.27
25.11
25.49
26.37
25.98
25.95
26.10
26.91
27.38
26.60
25.37
26.02
25.59
27.85
26.28
26.66
25.12
25.26
26.17
25.14
25.72
26.54
24.35
25.83
25.54
26.27
25.88
25.87
28.40
26.11
26.62
26.80
26.23
26.93
26.98
26.60
25.93
25.27
26.17
27.43
26.58
25.29
26.03
26.09
25.83
25.78
27.44
26.44
25.25
24.70
25.02
25.20
26.24
25.96
25.50
24.87
25.36
26.10
26.78
27.23
26.59
25.33
25.85
27.40
25.46
25.66
25.29
26.65
25.62
25.83
26.07
25.46
26.11
26.19
26.61
26.04
26.34
26.27
27.14
26.52
26.07
25.08
25.96
26.27
25.96
25.79
26.30
27.02
25.91
24.95
24.81
25.24
26.67
26.68
26.31
25.24
26.21
24.81
26.62
25.03
26.59
25.40
26.89
26.40
27.10
26.60
24.84
25.41
26.27
27.58
26.41
26.22
26.61
27.32
28.00
27.57
26.82
26.72
25.95
24.43
26.44
26.20
25.43
26.46
25.21
25.60
25.87
25.93
26.30
26.14
27.50
26.30
25.92
25.19
26.46
26.85
25.62
27.25
25.34
25.96
26.30
25.82
26.83
26.06
24.70
25.68
26.16
27.53
27.05
25.78
25.98
26.46
26.05
26.14
25.61
25.58
24.87
25.34
25.57
26.26
26.10
26.28
26.61
26.55
26.17
26.98
27.97
26.19
26.62
26.72
25.85
25.76
25.44
26.35
26.73
27.01
27.24
26.48
25.22
25.86
26.51
25.75
26.82
26.42
25.36
25.60
26.00
26.31
26.43
26.27
26.31
25.56
26.82
26.59
25.87
26.96
27.00
25.97
25.02
26.38
26.77
25.16
25.84
27.06
26.24
25.48
27.23
26.14
26.28
26.18
27.27
26.14
26.34
26.62
26.43
24.66
25.63
26.98
26.31
25.65
25.01
26.38
27.45
25.68
26.17
27.01
26.34
26.54
27.17
26.96
26.64
26.41
26.13
26.30
26.25
25.88
26.41
26.40
25.97
26.30
25.62
25.90
28.01
26.16
25.54
26.70
25.70
25.30
26.44
26.13
27.94
26.60
26.18
26.26
26.31
26.50
25.80
25.42
24.70
27.45
26.53
26.73
26.22
25.93
27.38
27.72
26.60
28.63
26.17
26.75
26.63
27.77
26.67
26.48
25.20
26.75
25.66
26.11
26.28
26.96
26.77
26.87
27.12
25.01
25.57
25.56
26.04
26.40
26.12
26.35
26.37
25.77
26.09
26.58
26.94
26.83
26.65
27.07
27.39
26.63
26.47
26.64
27.23
27.30
27.01
25.62
25.25
26.33
25.98
25.17
26.23
25.73
25.81
25.92
25.56
26.40
25.71
26.48
25.41
27.27
27.88
26.35
26.29
25.64
25.20
25.46
27.10
26.99
25.40
26.53
26.21
26.08
28.02
25.73
26.94
26.32
26.22
26.96
26.56
26.73
26.38
26.40
27.36
26.16
26.47
25.75
27.54
26.70
26.28
25.56
26.48
26.82
26.71
26.74
26.80
26.95
27.31
26.35
26.11
26.24
25.78
25.11
25.17
26.00
26.42
26.77
26.39
26.23
27.01
26.37
26.66
25.58
26.03
26.18
25.46
25.11
25.16
27.35
26.44
26.39
26.63
26.77
27.09
26.57
25.81
26.41
26.88
26.12
25.72
25.57
25.49
25.42
25.85
27.04
26.42
26.46
27.04
26.93
25.71
26.48
26.58
25.15
25.27
26.20
25.27
25.58
27.77
27.19
26.30
26.15
27.44
26.17
26.42
26.53
26.43
27.07
25.26
26.79
25.20
27.21
26.72
26.35
27.85
26.57
27.26
26.09
27.05
25.55
25.52
25.69
26.47
26.92
25.77
25.99
25.92
26.18
25.40
27.04
26.46
27.14
27.18
25.65
25.28
25.68
25.51
26.61
26.62
26.35
26.12
26.41
26.55
27.21
25.29
26.35
25.12
25.92
25.29
26.34
25.59
25.38
26.41
25.79
26.52
25.64
26.10
25.92
27.24
25.97
25.13
25.42
25.23
25.97
26.26
26.50
25.54
26.49
27.02
25.76
26.90
26.13
26.10
26.75
26.58
26.06
28.09
27.12
26.55
26.74
24.36
26.24
26.41
27.11
26.89
26.56
25.87
26.49
25.61
25.72
25.72
26.73
27.30
26.66
28.61
26.20
25.37
25.08
25.82
25.30
27.00
27.14
26.86
25.12
27.02
25.40
26.32
27.06
25.14
27.58
28.14
27.44
28.39
26.77
27.08
26.48
25.76
26.12
27.12
26.62
26.15
26.22
25.91
25.55
25.38
26.52
25.48
27.41
25.51
27.23
27.70
25.45
27.19
26.00
25.36
26.13
26.73
25.35
25.37
25.74
25.84
26.16
25.31
25.67
26.25
26.44
25.72
26.66
26.52
26.76
27.52
27.59
28.64
27.04
27.11
28.14
27.07
26.00
26.47
27.22
26.31
25.47
25.92
25.91
26.48
25.23
26.64
25.84
25.54
25.74
26.60
25.75
25.55
25.50
25.89
24.79
25.71
25.14
24.87
24.97
25.62
25.96
26.44
24.99
24.98
25.17
25.66
24.81
26.96
25.42
25.11
25.55
26.37
26.20
26.15
27.25
28.11
26.14
25.14
26.21
25.86
28.45
27.40
25.89
26.11
26.89
26.34
40.27
28.73
25.34
26.53
28.31
28.56
28.88
28.47
26.54
26.07
27.08
27.80
26.38
27.42
25.91
26.83
27.91
27.03
26.25
26.08
26.97
26.35
27.52
26.75
25.51
28.15
27.80
26.88
26.19
26.39
25.86
26.33
27.26
26.00
26.13
24.65
25.24
24.68
25.44
25.15
25.72
27.32
26.00
25.98
26.26
26.00
25.45
25.74
26.74
26.41
25.78
27.01
26.86
24.98
25.56
25.48
26.05
26.15
26.70
27.48
27.11
26.52
27.74
25.13
25.38
25.56
26.65
27.52
26.47
26.08
27.00
26.87
24.98
26.47
25.08
26.54
26.99
26.24
24.76
26.78
27.24
26.17
26.11
25.84
26.82
27.30
26.66
26.14
26.88
26.17
27.17
25.98
25.37
26.21
26.38
26.34
25.76
26.65
27.24
25.86
26.96
24.80
25.59
26.43
25.94
25.78
25.84
26.48
26.83
24.91
25.62
25.22
26.66
26.53
27.51
27.35
26.96
26.03
24.78
25.40
26.45
27.48
25.57
25.86
25.86
25.72
26.67
27.57
26.13
25.43
26.78
26.15
26.83
25.87
40.03
26.27
25.29
27.32
29.65
29.69
28.13
28.00
27.60
27.33
26.05
25.81
27.06
26.13
25.59
24.61
26.51
25.64
27.61
26.01
27.08
27.51
26.25
26.43
26.57
25.86
26.91
26.19
24.69
26.90
28.16
26.70
27.79
27.24
26.57
26.52
26.64
26.14
25.68
25.45
25.89
26.93
27.67
27.56
26.46
25.85
27.62
25.99
27.23
27.81
25.44
27.26
26.86
27.15
24.74
24.80
26.02
27.56
27.19
25.63
26.15
26.35
26.51
27.01
25.40
25.04
26.33
25.87
27.00
25.63
25.10
25.54
25.97
26.06
26.14
28.04
27.67
27.79
26.75
26.63
25.91
26.26
27.18
25.75
25.82
26.83
26.44
28.04
26.72
25.78
26.48
26.45
27.23
26.94
27.18
26.93
27.36
26.93
26.46
27.40
27.38
27.38
25.99
26.04
25.13
26.90
26.10
25.49
26.72
25.97
24.50
26.25
27.17
26.88
27.08
25.60
25.02
25.82
26.99
26.43
26.76
27.52
27.00
26.85
25.75
25.35
25.45
25.14
26.58
26.04
25.43
26.00
26.47
26.22
25.89
25.99
26.56
26.25
25.94
26.58
26.12
27.76
26.00
25.64
26.64
27.13
26.96
26.57
26.43
26.74
26.53
26.54
24.72
26.36
26.91
26.59
24.82
25.37
26.03
26.48
25.77
26.60
27.71
27.19
26.49
26.15
26.76
26.79
26.48
26.31
27.50
27.81
27.42
28.13
27.49
27.51
26.88
25.74
26.28
26.20
25.76
26.53
25.40
24.81
26.07
26.68
26.90
25.95
26.18
26.29
26.55
26.03
25.66
26.07
26.94
26.90
25.74
25.49
25.71
25.15
25.73
26.26
25.47
25.49
25.45
25.75
25.68
26.44
26.41
27.32
25.51
26.44
27.08
26.10
25.76
25.21
27.24
26.66
25.71
26.21
26.28
27.08
25.81
25.98
26.80
25.08
25.97
25.65
25.51
26.88
25.94
26.32
26.73
26.22
27.33
26.97
26.33
27.26
26.59
27.27
26.65
25.83
25.86
26.48
27.67
26.05
25.34
25.08
26.32
24.49
25.64
25.63
27.07
26.75
26.19
24.50
26.31
25.37
25.48
25.80
24.95
25.18
26.37
26.38
26.05
26.59
26.02
25.27
25.75
24.24
25.37
24.38
26.47
25.54
26.55
26.15
27.77
26.01
25.84
25.98
25.21
26.88
25.76
25.85
25.71
26.69
26.18
25.72
24.16
25.43
27.61
28.24
25.30
26.13
26.26
25.80
25.65
26.56
26.71
28.17
26.13
26.16
26.59
26.29
26.41
26.92
26.11
26.38
27.09
26.98
26.52
25.99
27.73
28.43
25.98
26.13
25.61
26.28
26.01
25.44
25.57
25.63
26.37
26.91
27.45
25.38
25.56
25.55
26.27
26.82
25.30
24.78
24.75
24.93
25.47
24.30
25.72
26.46
26.72
26.07
26.17
26.13
25.23
26.47
25.94
25.41
26.15
25.46
25.61
26.16
26.42
25.16
25.04
25.75
26.69
26.10
24.50
26.54
25.87
26.35
27.93
28.12
26.92
27.00
26.74
27.22
26.96
26.26
27.47
26.48
26.15
25.85
27.81
27.58
26.08
25.16
26.77
26.55
27.14
27.37
26.03
27.50
26.40
27.48
26.99
25.57
26.80
26.81
26.37
25.23
26.06
26.41
26.81
27.99
25.61
25.88
25.91
26.39
27.61
26.06
25.31
26.83
26.21
25.69
26.03
26.37
26.24
26.70
25.39
27.45
27.26
26.66
26.87
26.88
25.45
26.02
26.80
27.58
27.07
26.44
25.34
27.06
27.39
26.18
26.39
25.16
26.12
26.80
26.37
26.04
25.87
25.83
25.93
27.11
27.19
26.67
27.25
26.45
26.61
25.99
26.33
26.61
24.19
24.54
25.94
26.78
26.38
24.73
25.99
28.39
26.04
26.83
28.49
26.45
25.84
26.40
27.28
26.52
26.92
27.71
27.91
27.69
27.11
26.19
26.25
26.74
26.44
27.74
25.68
26.26
25.97
23.96
25.58
25.65
26.88
26.95
26.63
25.74
26.03
26.40
25.96
26.08
25.19
26.58
26.06
26.12
26.62
26.94
26.29
27.94
25.41
25.25
26.43
26.42
25.64
26.10
26.37
25.99
25.27
26.44
25.10
25.95
26.48
27.05
26.56
26.36
25.96
27.65
26.75
27.84
25.67
27.05
25.93
26.66
26.68
24.95
25.38
26.55
25.95
26.12
27.27
26.78
25.44
26.94
27.55
26.05
25.90
27.37
26.73
25.20
26.56
24.43
25.99
26.11
24.84
27.78
25.42
26.60
26.34
26.65
27.20
26.55
26.69
26.39
26.23
25.85
25.36
25.99
25.63
25.88
26.77
27.86
26.26
26.52
24.98
26.37
26.54
26.19
26.35
25.57
26.43
24.76
24.68
26.33
26.11
25.75
25.32
24.82
23.96
25.59
24.85
25.80
24.76
25.82
26.84
25.77
25.91
25.55
26.72
26.21
27.19
25.07
25.68
26.73
26.36
27.84
27.49
26.76
26.22
25.65
25.06
26.67
25.87
26.12
26.26
26.91
26.25
26.35
26.78
26.88
26.68
25.65
24.15
25.10
28.13
29.37
26.70
26.59
26.27
26.58
25.57
25.80
25.91
26.45
25.89
27.08
26.09
26.59
25.80
25.30
25.86
26.17
26.58
25.92
27.05
27.14
26.15
26.37
26.97
25.71
25.37
26.95
24.93
25.33
25.72
24.82
26.29
26.76
25.58
25.42
25.38
26.40
25.96
26.67
25.97
25.88
26.79
27.62
26.50
27.31
26.39
28.26
27.62
26.75
27.08
27.26
26.79
26.18
27.14
26.78
24.26
26.04
27.40
26.25
25.55
26.12
27.32
27.96
26.90
26.22
25.94
26.14
27.72
28.50
26.33
26.52
27.20
25.45
24.20
25.73
25.88
26.68
26.23
25.00
26.65
26.68
26.09
27.59
27.50
27.41
27.56
26.34
25.03
25.38
25.59
25.24
25.06
25.61
26.18
26.58
26.77
25.59
27.22
27.50
27.67
25.95
25.84
26.94
26.01
27.45
25.47
25.72
26.11
26.69
26.69
24.99
26.24
25.23
25.16
25.74
25.18
26.36
25.67
25.07
26.97
26.70
26.12
27.44
26.23
25.07
26.02
27.64
27.28
24.82
25.59
25.28
25.68
25.30
25.44
24.86
24.36
25.80
26.50
25.32
25.55
25.84
25.10
25.60
24.78
26.32
26.19
25.02
25.11
26.43
26.37
26.19
26.05
25.37
26.63
27.08
26.02
25.27
25.87
27.79
25.61
26.48
26.04
27.67
26.36
26.88
26.64
26.02
27.23
26.32
26.94
27.95
25.38
26.97
26.65
27.78
27.95
27.97
27.44
27.15
26.43
28.35
28.06
27.15
26.67
26.74
25.34
26.35
26.61
28.58
25.28
26.32
26.50
26.68
25.41
27.02
26.68
25.95
25.39
25.72
27.58
27.11
26.82
24.35
26.14
26.88
26.79
24.87
25.02
26.57
27.66
25.44
26.65
26.47
26.79
25.74
25.66
26.99
25.54
25.62
25.86
25.78
26.00
26.41
27.00
25.90
25.46
27.03
27.38
27.27
26.41
26.57
27.11
26.14
26.20
26.29
26.00
26.49
25.70
26.29
25.95
25.56
26.80
27.13
26.84
26.29
27.37
27.47
27.51
26.49
25.69
25.97
26.53
25.94
26.41
26.89
25.10
24.99
27.53
26.29
26.45
26.19
27.64
27.18
26.42
25.87
25.78
40.30
27.86
26.87
27.55
28.12
28.19
27.43
41.40
29.42
26.04
26.93
26.70
27.78
27.39
26.77
25.56
27.48
26.09
25.30
25.68
27.07
26.13
25.78
26.15
25.41
25.91
25.59
25.49
24.65
26.60
26.12
26.60
27.94
28.02
26.04
25.33
25.60
25.29
25.16
28.75
27.58
26.41
26.09
25.84
26.74
25.85
26.41
26.94
27.92
26.46
26.63
25.38
24.88
26.35
26.53
26.53
26.64
24.36
26.69
26.11
25.79
26.13
26.44
26.89
26.30
26.87
27.22
27.52
27.02
27.15
25.46
25.94
24.41
25.59
27.15
26.03
25.56
25.39
26.96
28.07
26.37
26.83
26.25
25.94
26.90
26.35
25.22
25.90
40.69
26.44
25.73
26.15
26.58
27.69
27.29
27.21
28.14
27.43
26.46
26.61
26.40
27.66
26.38
26.90
25.49
26.57
27.76
26.87
26.08
26.95
26.56
27.38
27.25
24.91
26.89
28.13
25.80
25.59
26.77
25.84
25.97
27.56
25.72
26.30
26.89
27.27
25.91
27.91
29.02
41.67
27.52
25.57
26.26
25.60
26.90
28.03
27.11
25.93
27.04
25.25
25.78
25.64
25.94
26.40
26.06
26.27
26.75
25.67
25.86
25.83
26.11
25.49
26.42
25.85
25.87
26.63
25.16
25.40
25.40
25.30
25.51
26.16
41.66
26.43
25.53
26.86
28.12
27.12
27.30
26.95
26.34
24.73
25.25
39.19
28.30
27.30
26.65
26.79
25.63
26.43
26.93
41.32
27.13
25.37
26.05
27.45
26.92
28.20
27.16
26.61
26.44
26.77
25.10
26.04
26.15
26.72
27.32
26.26
26.03
26.58
26.84
25.36
26.30
25.10
25.41
24.72
26.73
26.28
24.42
26.14
26.69
26.41
26.09
25.62
25.77
26.37
25.89
25.73
25.31
25.56
26.26
27.16
26.60
26.72
25.17
24.90
25.04
25.98
25.69
26.46
27.45
26.13
27.41
26.76
26.93
26.66
25.46
27.24
25.74
25.52
25.48
26.06
25.48
24.95
26.06
26.42
25.12
26.75
25.48
27.79
27.13
25.99
26.05
26.50
26.59
26.79
27.37
27.55
27.83
26.31
27.09
26.75
27.92
26.54
27.84
26.24
26.54
25.75
27.14
27.05
26.61
27.45
26.69
26.28
26.61
26.27
25.83
26.72
27.03
27.73
26.40
26.20
26.29
25.95
24.09
26.32
27.27
25.77
25.71
26.63
27.49
27.81
27.25
27.75
26.43
26.85
27.66
28.35
26.74
26.96
26.25
27.12
26.03
26.93
27.21
27.06
27.08
25.85
25.87
27.63
27.26
28.50
27.60
25.58
26.79
25.55
26.83
26.65
26.68
27.62
25.47
24.38
25.83
26.41
26.01
25.14
25.75
27.24
26.44
25.44
25.12
25.55
26.79
26.49
27.05
28.47
29.64
27.63
27.65
26.83
26.71
28.20
27.15
27.08
26.73
27.49
27.79
28.19
27.40
27.89
27.42
27.38
27.38
28.05
26.80
28.43
27.59
26.05
28.77
26.40
28.02
30.08
31.82
31.26
29.65
29.11
30.77
31.44
33.74
35.04
36.40
37.94
39.43
37.06
36.22
34.29
32.51
30.15
30.01
29.96
28.35
28.87
28.62
28.43
27.77
26.12
26.14
25.95
27.15
26.87
26.98
25.63
25.24
26.39
26.53
27.38
27.05
24.45
25.60
26.29
25.55
25.66
26.83
27.83
27.57
25.49
27.04
27.58
26.79
28.61
26.67
26.66
26.75
25.39
26.00
26.99
26.00
26.02
25.79
27.15
26.43
25.09
25.92
25.70
26.59
27.15
26.77
26.96
27.69
27.25
26.60
25.98
25.41
25.98
26.92
27.12
28.05
26.00
26.23
26.09
26.16
26.56
26.39
26.53
25.89
26.80
26.28
26.73
27.07
25.68
26.90
25.98
24.68
27.62
27.74
26.00
27.38
25.79
25.49
26.74
26.11
26.53
25.84
25.64
25.48
26.22
26.66
27.59
26.33
25.92
27.19
27.48
25.40
25.51
26.01
24.93
26.07
26.82
26.43
26.27
26.74
26.93
26.49
26.59
26.57
25.69
25.26
26.56
26.84
25.87
26.81
26.69
25.49
26.73
27.29
26.81
25.31
26.16
26.58
26.45
25.41
26.07
25.68
26.30
26.45
27.17
26.23
26.53
26.79
26.72
27.51
27.27
27.05
27.16
26.53
27.29
27.02
26.32
25.77
26.95
26.26
26.34
26.24
26.91
26.59
26.67
27.33
27.04
26.16
27.15
26.93
24.79
24.64
26.28
26.34
27.62
27.30
27.16
26.24
26.14
25.86
25.55
25.65
25.32
25.40
25.32
24.73
26.31
26.08
25.38
26.25
27.00
28.25
26.97
26.33
26.80
27.57
26.23
25.75
26.20
26.63
26.59
26.05
26.58
26.95
26.64
25.51
25.04
25.58
25.68
27.71
27.17
25.84
27.55
27.18
26.99
24.91
26.38
25.50
25.34
25.46
25.63
25.72
26.49
27.03
26.77
25.37
24.94
24.87
25.42
26.68
26.37
25.21
26.41
26.32
26.90
26.15
25.30
26.48
25.34
26.74
25.91
24.92
24.80
26.30
25.52
26.48
26.19
27.10
27.36
26.99
25.78
26.52
25.68
26.69
27.45
26.38
26.34
26.54
27.02
25.35
26.15
26.56
26.72
26.23
27.48
25.37
25.62
27.36
27.98
28.21
27.20
26.68
26.39
26.02
25.29
27.44
24.81
26.03
25.65
25.88
25.64
26.61
25.77
26.71
26.77
26.91
25.66
26.67
26.29
26.24
26.29
26.45
26.18
26.03
26.98
26.75
27.03
26.39
26.87
27.73
26.78
27.97
26.87
27.61
26.97
29.04
28.14
26.81
24.95
26.05
25.86
26.20
26.56
27.50
24.86
25.59
25.79
24.71
26.75
26.24
26.13
26.54
25.47
24.70
26.76
26.04
24.73
26.11
26.68
26.67
26.27
26.05
26.15
26.58
26.88
26.09
27.64
27.44
27.96
26.84
26.11
25.17
25.09
25.58
25.60
26.57
25.62
26.72
26.02
26.97
25.02
25.66
24.99
25.27
26.76
26.76
26.69
25.46
26.71
25.63
24.75
26.29
26.51
25.80
26.12
25.22
24.78
25.94
25.34
25.17
26.15
26.72
26.55
27.18
27.43
26.78
27.66
28.13
27.14
26.48
26.67
25.69
26.71
25.56
27.30
28.68
28.56
26.43
26.65
26.10
26.48
26.39
26.96
25.41
26.33
25.52
26.10
26.68
27.55
25.68
25.95
26.09
26.79
26.64
25.71
26.31
27.71
26.53
26.98
25.82
25.71
26.30
25.64
25.99
26.10
26.16
24.80
26.27
26.40
26.21
26.75
28.18
26.33
25.06
27.24
25.80
26.92
24.53
26.25
27.84
26.69
28.06
27.82
26.29
25.50
25.73
26.34
28.09
26.84
27.41
27.52
26.60
27.65
25.53
25.53
26.05
25.87
26.40
27.66
27.75
26.67
26.77
26.81
26.17
25.99
27.93
27.45
27.55
26.08
24.63
25.56
26.98
26.08
25.74
25.57
26.06
25.71
26.68
27.00
26.89
25.78
27.33
27.15
26.66
25.59
25.68
25.72
27.09
24.91
25.61
24.86
25.57
26.24
27.32
26.18
27.34
26.78
26.74
27.13
27.97
26.60
26.52
26.65
26.69
26.27
25.07
25.33
24.48
25.59
25.00
25.65
25.50
26.76
27.46
26.02
28.12
27.71
26.62
32.37
44.28
31.18
26.29
26.20
40.87
44.78
27.67
27.65
28.58
29.50
29.19
28.75
28.35
27.64
27.80
27.93
28.62
28.41
27.79
24.62
56.40
45.69
39.47
34.36
32.96
29.66
29.81
27.82
26.16
27.56
26.43
26.66
24.39
27.00
27.22
27.35
26.11
27.67
41.94
28.87
26.48
26.88
27.47
28.10
29.52
27.76
27.00
26.35
27.67
27.11
27.07
25.85
28.47
28.72
27.54
26.50
26.71
26.14
26.27
26.32
25.20
26.88
27.19
25.92
26.57
28.30
25.65
27.09
26.93
27.16
27.63
27.24
26.95
27.00
27.69
25.28
26.45
26.74
26.23
25.49
40.81
27.84
27.08
26.95
27.48
27.12
26.21
26.32
27.04
25.54
26.74
27.10
26.74
26.55
26.90
26.79
24.66
25.27
26.49
25.78
25.91
25.01
25.96
26.20
25.41
25.49
40.29
29.58
27.14
26.27
27.78
28.50
27.05
27.87
27.32
27.11
27.70
27.80
26.17
26.79
27.70
25.52
26.59
27.02
26.49
26.66
26.50
26.29
25.46
24.25
24.94
26.02
25.54
26.24
27.00
26.26
25.27
24.90
25.53
26.16
26.86
26.36
25.65
25.26
24.97
25.92
25.56
25.41
26.83
26.20
27.35
27.23
26.79
27.37
25.32
25.21
27.34
27.67
26.94
26.83
28.19
25.72
26.76
26.81
27.31
24.47
37.71
27.51
24.89
26.20
27.13
26.99
27.75
27.49
26.63
28.11
27.45
27.59
26.22
25.88
25.96
26.55
27.98
25.33
25.51
26.29
26.27
26.22
25.87
26.31
27.14
26.85
25.71
25.55
27.18
28.36
27.02
26.41
27.15
25.62
28.57
28.27
26.85
26.25
27.75
26.65
25.33
26.90
26.89
25.92
25.83
27.17
27.23
27.32
25.37
25.95
26.25
27.52
26.35
25.50
26.40
26.37
26.16
27.15
25.78
25.71
26.26
26.42
25.18
26.42
26.32
27.39
26.49
26.46
26.64
27.27
25.60
25.99
27.20
27.20
26.52
25.07
25.96
26.72
28.10
27.29
26.03
26.25
26.28
28.02
26.77
28.16
28.47
29.31
28.87
29.13
29.72
27.42
27.32
26.67
26.58
26.45
28.34
26.56
27.11
26.69
28.00
26.64
27.38
28.91
43.54
27.65
26.25
28.11
28.29
29.32
28.57
42.16
29.30
26.62
26.54
26.43
27.49
27.61
27.18
26.99
25.76
26.89
25.52
26.46
25.53
26.56
27.02
26.26
26.79
26.81
25.84
24.87
24.67
26.68
27.10
25.47
25.77
26.08
25.65
26.27
26.49
25.45
26.40
25.73
25.65
26.72
27.06
27.00
26.71
26.86
25.60
26.72
25.66
27.72
28.05
27.05
26.77
27.32
26.10
26.33
26.99
26.65
27.21
26.25
26.75
26.81
27.31
42.45
27.36
25.32
27.99
28.49
28.53
26.54
26.99
27.44
26.80
26.81
26.33
26.86
26.50
26.20
26.00
25.91
26.18
26.62
27.39
26.07
24.85
26.12
26.62
25.58
25.18
25.94
26.60
27.44
26.01
26.92
25.48
25.02
26.94
26.26
25.30
26.08
25.45
24.98
24.42
26.04
26.23
26.07
27.45
26.43
25.80
25.91
26.54
26.57
25.96
27.27
26.45
26.53
25.74
26.58
26.72
25.93
25.48
26.49
25.68
26.62
26.67
41.81
27.52
26.52
27.25
28.45
27.86
27.46
26.39
26.72
27.72
27.98
26.42
26.58
25.06
39.73
27.53
25.40
27.26
26.70
26.83
27.07
26.00
25.06
26.42
27.21
25.99
25.97
41.33
28.82
26.18
27.82
27.89
28.36
27.86
28.18
28.93
28.63
28.32
28.12
26.44
25.81
27.18
25.09
26.08
27.08
26.29
25.81
40.74
29.52
26.25
25.90
40.58
28.39
26.54
28.77
29.19
28.28
28.27
27.04
27.90
28.28
26.89
26.44
26.97
27.13
26.44
26.52
27.21
25.96
25.67
26.62
28.32
26.83
26.73
25.90
24.71
27.09
26.23
26.30
25.94
26.59
25.02
25.95
26.66
26.09
26.56
28.42
26.90
25.68
26.59
26.72
27.09
25.05
25.85
25.33
25.27
24.62
24.81
25.56
25.23
26.10
26.04
26.61
26.82
26.80
25.71
26.48
26.55
26.75
26.52
26.11
28.36
27.65
26.63
25.76
27.14
26.26
25.62
25.62
26.40
26.61
25.33
26.89
26.77
26.98
26.45
25.92
26.27
26.87
25.44
26.92
26.70
27.49
26.59
25.24
26.41
26.33
27.96
27.47
26.40
27.10
25.91
26.87
26.15
25.40
26.28
26.31
26.53
27.74
25.74
25.86
26.42
27.63
27.44
26.87
26.97
26.18
27.47
27.01
25.42
26.48
25.01
25.65
25.98
25.14
25.94
26.35
26.38
27.68
28.45
43.02
29.10
26.57
25.78
27.17
28.57
27.74
27.49
26.61
25.75
26.60
26.81
26.15
27.70
27.89
27.52
26.64
26.03
26.97
26.61
27.25
26.58
26.86
27.52
26.63
26.27
27.18
29.15
27.19
26.17
26.33
25.99
27.17
27.44
25.44
27.20
26.13
26.71
26.93
27.12
26.49
25.73
24.94
24.68
27.12
26.65
26.17
25.80
25.07
26.22
25.87
27.09
26.29
26.05
27.38
26.53
26.75
28.12
26.24
27.68
27.31
25.79
26.44
25.90
25.32
26.85
25.72
27.07
26.05
25.92
26.39
25.31
26.63
25.94
27.15
28.00
25.72
26.06
26.60
27.19
41.70
28.45
25.35
27.02
28.47
26.90
26.65
27.25
28.12
27.82
26.63
26.36
26.51
27.54
26.45
26.01
26.34
25.71
26.67
26.05
26.21
26.36
24.96
27.21
26.55
26.98
26.60
25.91
27.25
25.57
26.53
27.05
25.78
27.09
25.28
26.00
26.39
26.35
26.71
26.60
26.13
27.06
26.58
26.16
26.71
26.02
25.73
26.54
26.53
26.83
26.74
26.14
26.79
27.02
27.26
29.20
26.58
27.31
27.64
26.83
27.46
25.93
26.58
26.85
27.70
26.09
25.98
41.52
27.64
25.45
26.43
26.61
26.56
27.55
28.13
27.74
26.09
26.09
26.09
26.89
27.35
26.57
26.77
26.79
27.28
26.90
27.65
28.03
27.24
26.61
26.67
26.30
26.62
27.09
27.12
28.75
27.04
26.71
26.63
27.16
26.71
26.16
25.95
26.72
26.95
27.34
26.82
27.78
25.37
24.58
25.65
26.57
26.39
24.95
25.67
25.86
25.89
25.61
26.10
26.07
25.95
26.08
26.18
28.72
26.82
27.08
26.50
26.49
25.90
26.91
25.56
26.27
26.58
27.70
27.30
27.14
26.90
27.35
26.63
25.58
25.77
27.32
26.68
27.06
26.58
26.04
27.25
27.20
28.86
26.76
27.68
27.45
26.57
26.05
25.61
26.60
26.03
26.95
27.12
26.50
26.34
26.21
26.37
27.29
26.91
25.75
25.89
26.55
26.78
27.57
26.83
25.92
26.85
26.59
27.18
26.12
26.15
27.12
27.20
25.20
25.98
26.69
27.16
26.49
42.23
30.20
26.53
26.69
26.97
28.63
26.04
27.05
27.67
27.85
28.73
28.03
27.31
26.68
37.41
26.80
26.74
28.51
29.09
28.89
43.72
28.75
26.10
28.31
29.27
27.46
27.10
25.42
26.78
27.10
25.32
27.15
26.77
26.33
26.32
26.52
27.07
26.06
27.82
25.90
25.72
39.39
26.63
26.11
26.75
26.81
25.38
27.75
27.25
27.22
26.14
28.22
26.98
28.04
27.23
26.16
26.44
27.31
26.52
27.21
27.05
26.75
25.73
26.04
26.77
28.48
28.11
28.17
28.19
28.22
27.27
26.60
25.44
27.32
26.82
26.45
26.08
27.31
27.55
26.95
26.42
26.51
26.54
26.61
25.95
28.13
26.42
24.94
28.26
26.77
24.33
26.80
28.44
27.70
41.29
27.07
25.30
29.03
28.40
28.91
29.21
29.16
27.78
27.88
28.09
27.43
25.43
25.87
25.18
26.14
25.54
26.61
26.21
25.87
27.23
25.75
26.32
27.97
26.45
27.91
27.62
26.89
27.32
27.74
27.62
27.56
25.31
25.49
24.98
26.10
26.29
26.60
29.03
25.52
26.17
28.78
28.70
28.03
27.79
27.13
29.34
28.97
28.02
27.33
27.81
28.41
26.90
26.15
28.48
28.34
28.91
28.65
27.85
27.84
25.91
27.22
26.24
26.17
25.43
26.82
26.07
27.20
27.51
26.85
25.32
25.93
26.97
24.95
26.15
26.48
26.99
27.30
27.22
26.49
27.13
25.72
27.32
26.53
26.35
26.37
27.69
26.91
26.50
28.18
27.15
27.07
27.00
25.99
27.12
25.93
25.50
26.49
26.94
26.37
27.11
42.63
27.50
26.42
26.16
27.04
27.33
27.35
26.26
27.90
28.34
26.75
24.84
24.56
25.20
24.83
25.54
27.18
26.43
27.08
26.71
26.69
26.92
26.40
25.88
26.08
27.11
25.19
25.88
27.40
26.50
26.15
26.64
27.63
25.70
27.86
27.56
25.95
26.43
26.87
27.52
27.21
27.15
25.96
27.28
24.68
26.66
27.15
26.29
26.91
26.00
26.19
27.29
25.98
26.21
27.42
26.67
26.94
26.34
26.10
26.84
27.06
27.09
27.11
27.22
27.66
26.57
26.35
26.50
26.77
25.81
26.23
25.68
26.06
26.71
26.44
26.73
27.39
27.65
25.85
26.88
26.56
26.67
26.81
27.44
26.97
25.14
26.46
27.00
25.08
26.86
27.17
27.34
27.62
27.64
26.51
27.32
26.85
26.71
26.78
26.19
26.78
25.89
27.16
28.44
26.62
24.87
26.29
26.00
27.16
25.75
26.90
25.02
25.95
26.56
25.40
25.89
26.82
26.86
27.01
26.37
27.27
27.19
26.72
26.23
27.20
25.95
26.43
26.78
26.68
27.19
26.68
27.87
26.17
26.35
25.49
24.57
26.11
28.16
27.09
26.19
27.30
25.94
26.24
26.23
25.82
26.03
26.40
26.96
27.24
26.58
26.35
26.68
25.60
26.25
25.43
26.11
26.74
26.97
26.01
26.97
26.78
25.60
25.98
27.35
26.89
26.64
23.79
25.64
26.72
26.29
25.68
25.47
26.57
26.44
28.14
27.03
27.30
26.95
27.42
26.38
25.68
26.72
26.52
25.43
26.28
26.75
26.37
28.31
26.69
27.43
25.44
26.21
25.37
25.63
27.10
27.53
26.67
25.98
27.46
26.58
26.19
27.86
26.91
26.43
26.30
26.22
26.63
25.67
26.79
26.91
26.27
26.82
26.63
26.37
26.00
27.01
25.90
25.61
26.15
26.62
26.47
26.90
26.84
26.63
27.39
26.51
26.32
27.89
26.50
26.83
26.34
26.38
26.42
25.66
26.78
27.11
27.17
26.58
26.09
26.69
26.79
27.05
27.25
28.02
26.09
26.16
26.21
26.97
26.01
26.77
26.86
27.22
26.19
26.85
26.27
25.26
26.06
25.91
26.91
25.63
26.21
26.56
27.02
27.31
25.51
27.24
27.92
27.40
26.59
26.19
26.73
28.06
27.27
27.89
26.69
26.68
26.61
26.60
26.88
26.76
28.26
42.74
28.35
27.92
26.63
27.75
27.66
27.22
26.84
27.95
26.81
26.52
26.66
25.91
25.95
25.18
26.16
27.12
26.82
27.45
28.02
26.69
26.16
27.09
27.50
26.73
27.90
27.51
26.83
26.99
29.46
46.31
30.43
26.41
27.46
27.90
27.53
27.53
28.21
29.37
29.52
28.02
27.49
26.79
26.12
28.30
26.89
26.70
28.62
27.05
26.69
26.67
26.57
27.39
27.54
27.61
27.11
27.22
27.35
27.54
28.09
28.17
27.34
27.85
26.38
28.58
28.40
27.31
27.44
27.31
28.20
26.79
24.55
26.09
26.67
26.61
27.80
26.39
25.89
26.12
27.16
26.35
26.61
26.45
27.05
26.58
26.87
26.07
25.96
26.78
26.79
26.47
27.23
26.04
26.98
26.53
26.42
26.80
26.25
26.83
26.80
26.78
27.35
26.31
27.01
26.05
26.26
24.98
25.71
26.64
26.58
26.44
26.78
26.56
27.48
26.79
26.56
25.49
25.01
25.18
26.15
26.31
26.31
26.24
27.47
26.68
26.01
24.46
26.81
26.55
26.50
27.00
27.04
26.87
27.14
27.55
27.44
26.79
24.52
25.97
25.98
27.03
26.35
27.58
26.37
26.87
26.56
26.00
25.34
26.03
27.16
26.65
25.88
25.94
27.48
25.47
26.34
25.70
25.69
26.64
25.83
27.51
26.88
26.97
25.81
25.62
26.72
27.13
25.64
27.44
26.30
26.31
26.02
24.77
27.37
26.87
27.83
26.46
26.59
27.45
27.78
26.11
25.96
26.58
26.04
26.40
26.82
26.87
27.57
26.61
26.62
27.15
27.68
27.60
27.90
26.35
26.57
26.43
26.65
26.74
25.22
24.53
26.92
26.52
26.57
27.92
27.33
27.56
27.61
26.78
27.44
27.86
26.92
26.69
26.51
27.67
26.94
26.57
27.25
27.00
27.96
26.27
26.81
25.87
26.47
24.93
26.62
27.44
27.02
28.23
27.12
28.08
27.08
28.27
25.01
26.58
27.37
28.30
26.54
25.67
27.19
26.79
27.87
28.15
26.77
26.97
26.45
26.51
26.64
26.34
26.34
27.15
27.13
26.07
27.53
27.18
28.74
28.00
27.51
27.26
27.16
26.74
25.66
27.19
26.22
26.30
25.66
26.78
27.01
27.86
27.30
25.96
26.37
26.45
27.67
26.65
25.66
26.11
26.59
24.89
24.73
27.48
25.81
26.11
26.52
27.32
28.35
27.54
27.51
26.66
27.17
26.38
25.94
26.25
26.55
26.81
26.27
25.56
25.94
27.61
26.84
26.56
26.50
26.89
27.80
26.16
25.97
27.25
28.29
26.66
27.82
27.56
27.39
27.59
27.43
27.54
27.22
28.22
28.21
27.84
25.91
26.83
26.50
25.67
25.64
27.16
27.73
26.44
25.50
26.12
27.58
26.57
27.02
26.03
26.73
27.20
27.28
26.51
27.38
26.78
27.02
26.02
26.63
27.02
27.34
26.37
26.04
27.05
26.39
26.63
27.49
26.91
26.28
41.09
29.76
27.31
26.69
27.81
26.44
27.70
27.44
27.88
26.52
27.45
27.52
26.74
26.06
27.45
28.27
26.77
27.70
27.09
27.85
26.21
26.31
26.45
26.40
26.18
27.26
25.68
26.47
27.85
27.28
27.06
26.97
26.57
27.18
27.62
27.45
26.38
25.79
25.97
25.95
24.07
25.96
25.90
25.82
26.84
27.67
25.49
25.22
25.56
26.89
26.69
27.32
27.35
25.59
25.99
27.35
26.73
26.51
27.46
42.41
26.59
26.48
27.23
28.17
27.52
27.19
27.83
27.25
28.92
28.27
26.85
25.84
25.17
26.48
25.33
26.20
27.66
27.17
25.83
26.33
26.63
26.38
26.56
25.72
25.88
27.38
25.38
26.31
26.02
26.72
27.97
25.35
27.68
27.16
26.58
27.04
25.54
26.77
28.18
27.43
27.40
27.76
26.30
26.93
26.78
27.01
26.92
27.15
28.11
27.67
27.55
28.39
27.29
27.92
26.39
26.19
27.88
27.16
25.95
26.80
25.97
26.16
27.14
27.30
27.98
26.49
28.03
26.40
25.82
25.68
26.09
26.30
26.20
27.17
27.39
26.27
24.78
25.83
26.71
26.68
26.31
26.09
26.53
25.87
27.63
27.82
27.61
27.75
27.18
26.18
29.09
25.44
26.65
26.69
27.84
26.66
24.49
26.79
25.74
26.76
25.36
25.69
27.50
26.71
26.66
26.33
25.90
27.06
27.39
27.33
25.52
26.28
26.91
26.84
27.05
27.65
28.39
27.52
27.45
27.01
25.95
26.08
26.85
26.92
26.35
26.24
27.66
26.88
26.12
25.24
27.15
28.82
27.24
27.80
26.73
26.31
26.12
27.10
27.21
26.52
26.40
26.37
26.54
26.24
29.01
28.15
27.97
26.22
27.48
26.26
26.02
25.93
25.24
26.20
25.98
27.26
27.54
26.32
27.36
26.10
26.30
27.36
25.70
27.24
26.84
26.68
27.14
27.43
26.29
26.73
26.35
25.59
26.28
26.51
26.55
27.19
24.94
24.84
26.23
25.72
26.26
26.05
26.38
26.84
26.73
27.26
27.83
28.06
25.65
26.51
26.09
27.48
27.68
26.00
25.63
26.76
26.97
26.91
25.88
26.41
25.85
26.23
25.90
25.81
26.06
26.09
27.32
26.37
25.68
26.88
26.31
25.23
26.68
27.05
27.30
26.28
26.60
26.28
26.12
26.92
26.23
26.01
26.76
26.83
25.28
26.07
27.12
27.79
26.09
28.16
27.73
26.37
26.13
26.41
27.17
26.63
25.75
26.48
26.08
26.56
27.02
26.64
26.62
25.96
26.31
26.76
26.95
27.50
26.88
26.00
26.57
26.57
27.44
25.70
26.29
27.91
26.12
26.29
26.62
26.08
26.36
27.57
26.81
26.93
25.24
26.29
25.38
26.76
26.81
26.98
26.49
27.02
26.59
26.39
26.22
26.03
25.03
25.68
25.38
25.80
40.99
28.37
26.20
27.56
28.20
28.24
28.26
28.03
27.97
27.39
27.59
27.77
27.07
27.43
26.91
26.92
27.81
26.69
27.73
26.15
27.68
26.93
26.75
26.27
26.25
27.12
26.81
26.43
25.83
25.93
25.76
26.16
27.29
26.13
26.69
27.12
28.48
26.59
26.01
25.82
26.45
25.80
26.79
26.22
25.37
26.17
27.04
26.58
26.72
25.78
28.17
27.62
26.24
26.31
26.78
25.52
27.12
26.70
27.02
26.84
25.66
26.27
27.47
27.34
