50.06
50.04
49.94
49.26
48.17
49.64
50.43
49.72
49.02
48.21
49.12
50.22
48.96
48.29
47.72
48.64
48.72
49.10
49.78
48.80
49.66
51.08
50.33
49.45
48.45
50.11
49.89
49.12
48.19
48.00
49.62
49.17
48.47
48.65
48.24
49.64
49.56
48.37
48.66
48.14
48.69
48.99
49.08
48.91
48.27
49.78
49.89
49.82
49.26
48.86
49.63
50.38
49.34
48.54
48.16
49.22
49.67
49.70
48.16
48.62
51.73
48.76
50.28
52.24
51.67
49.83
48.60
48.11
48.85
48.98
49.01
49.00
47.65
48.66
49.17
49.67
48.12
48.95
50.44
49.72
49.26
48.85
49.02
49.25
53.13
48.96
50.37
51.25
49.54
49.63
49.21
49.86
48.24
49.74
52.21
49.85
48.78
48.48
49.02
49.57
48.97
48.79
48.43
49.08
49.22
49.89
48.91
49.02
49.22
49.47
49.36
48.44
47.76
49.19
49.68
50.03
49.14
48.92
49.58
49.46
49.40
48.89
48.07
48.72
50.16
49.59
48.54
48.29
49.24
49.61
49.46
48.34
47.58
48.93
49.31
49.34
48.65
47.81
49.30
50.12
49.61
49.05
47.14
48.99
49.01
48.72
48.42
47.68
48.93
49.84
49.44
48.92
47.84
48.15
48.65
49.16
48.43
47.97
48.71
49.78
48.73
48.38
48.25
50.12
48.94
50.18
51.93
52.55
51.48
49.89
48.70
50.70
50.02
49.86
49.16
48.85
50.31
59.11
49.52
47.57
49.94
49.68
49.39
51.59
51.41
48.73
49.79
49.62
49.91
49.16
48.40
48.98
51.77
49.29
51.38
54.35
49.80
48.87
48.11
48.74
47.93
49.56
49.81
49.51
48.63
49.23
50.46
49.76
49.08
48.39
48.14
49.43
49.81
48.93
48.95
48.39
49.24
51.74
49.09
48.56
49.43
49.09
49.40
51.13
48.49
48.51
51.33
51.66
49.44
50.32
48.07
49.83
51.57
51.36
52.21
59.59
51.93
56.00
52.76
53.31
57.29
53.41
49.91
48.67
52.46
53.16
52.80
48.61
50.52
49.22
50.37
50.45
51.34
48.04
50.87
50.67
50.12
51.35
48.09
51.69
50.22
52.09
49.00
47.89
49.97
52.65
49.55
50.36
48.41
51.62
49.03
48.85
50.82
48.10
51.05
51.15
50.42
53.32
50.10
51.03
53.52
51.11
50.86
51.32
50.64
53.17
50.14
51.34
48.81
50.00
52.26
50.43
49.94
49.65
50.67
51.77
50.36
49.77
52.97
51.05
49.96
53.19
60.78
52.21
50.93
49.97
50.23
50.52
49.81
49.66
50.73
49.13
52.26
49.50
49.15
50.29
48.65
49.17
49.60
53.18
49.41
47.75
51.25
49.36
51.30
49.10
50.26
49.13
50.54
49.58
49.39
52.12
50.28
51.21
50.91
53.24
51.23
52.20
54.20
51.84
50.88
52.11
51.02
51.87
50.43
53.26
49.11
49.68
52.35
50.55
50.99
48.08
49.50
53.03
50.27
48.30
50.03
49.11
50.16
51.63
48.84
47.66
51.17
50.14
49.55
50.38
48.60
50.03
51.52
48.71
47.82
50.44
48.92
49.47
50.22
50.43
48.30
51.01
50.39
51.92
49.83
48.65
50.64
51.85
49.30
48.97
49.86
49.02
50.20
51.97
49.00
48.58
51.35
50.54
50.10
61.46
50.40
48.95
51.56
49.68
51.49
49.25
52.59
50.16
49.45
50.54
48.82
51.47
49.45
48.77
50.72
49.45
50.27
50.73
50.78
51.82
52.49
53.35
50.73
50.77
52.58
54.37
52.42
51.22
52.93
51.99
50.94
50.74
51.03
49.61
49.79
51.49
50.02
51.04
48.19
48.80
51.90
49.76
48.51
49.84
49.57
49.94
50.70
48.49
48.91
51.49
49.44
49.96
50.51
47.75
48.67
51.49
48.89
48.40
49.80
49.15
51.60
48.98
47.49
49.29
49.09
51.25
49.78
49.25
51.10
49.64
50.06
50.66
49.36
50.03
49.17
49.52
50.83
47.66
48.49
51.37
49.27
48.89
50.18
49.97
50.54
49.65
50.01
48.33
49.11
50.10
49.73
49.22
49.48
50.11
51.39
49.14
49.37
48.46
54.28
52.04
51.66
52.88
50.51
50.09
50.67
47.75
48.72
50.13
48.66
48.36
49.36
50.43
50.88
49.29
50.83
48.05
49.94
50.87
49.41
51.08
48.19
50.19
50.61
49.07
50.75
48.07
50.14
49.38
50.91
48.83
51.50
50.12
49.77
51.28
48.94
49.10
51.77
50.57
49.03
49.80
50.23
49.74
51.89
49.89
48.86
48.84
49.23
51.59
49.89
49.21
52.17
49.22
49.49
50.76
49.38
48.53
51.94
50.37
50.79
51.12
48.79
50.06
51.77
49.87
49.55
51.06
49.91
50.10
50.00
49.30
51.23
49.40
48.62
49.63
48.96
50.92
49.04
50.04
49.57
51.04
47.54
50.88
51.26
48.45
49.17
50.81
49.15
49.32
50.50
50.27
48.58
50.51
50.38
48.97
61.26
49.17
49.20
50.79
50.67
50.28
49.15
50.43
52.40
48.94
48.73
49.78
49.33
51.95
49.99
51.07
47.82
49.34
50.51
48.88
49.93
47.48
49.44
52.04
50.01
49.64
49.54
48.79
49.28
49.88
48.93
51.40
49.99
49.50
50.78
49.06
48.74
51.28
49.88
50.17
50.58
48.31
50.61
49.49
49.27
50.74
48.34
48.98
51.39
49.01
48.58
48.91
49.38
49.56
50.12
48.90
49.15
51.04
50.94
51.14
51.64
48.37
49.15
50.58
48.81
50.26
49.46
49.82
50.83
49.48
51.68
49.22
52.19
50.31
49.74
52.05
53.70
51.39
53.14
48.82
49.16
49.73
48.76
50.03
47.86
47.64
50.41
49.39
48.66
49.61
49.42
50.54
50.21
51.08
48.74
51.19
49.36
49.87
51.02
48.15
52.38
51.81
48.71
49.74
49.58
50.42
52.31
50.08
48.89
49.98
49.75
49.38
51.99
48.95
48.14
50.24
49.55
50.27
49.03
50.42
48.82
49.19
50.22
49.55
49.99
49.71
50.52
51.70
48.71
47.83
51.44
50.36
50.27
49.57
49.39
52.17
50.17
51.57
49.23
49.00
55.94
50.73
51.22
50.59
56.28
50.08
52.83
58.35
48.57
48.49
51.86
50.68
51.09
51.74
49.37
50.94
50.76
51.51
50.03
50.31
49.35
48.48
50.55
51.06
56.67
51.62
49.97
50.22
48.78
51.03
50.95
51.80
51.06
52.79
48.63
50.03
49.85
54.92
52.01
54.90
53.49
57.29
51.24
54.16
51.34
53.98
50.24
50.37
50.81
53.22
49.94
53.87
51.82
52.67
50.73
61.53
49.72
48.95
52.29
51.94
51.41
51.11
49.66
50.34
49.78
51.16
49.88
53.08
49.72
49.79
63.13
49.88
47.01
50.35
51.64
58.12
51.01
54.83
51.27
50.90
52.40
49.78
50.69
50.71
58.51
50.45
50.75
50.73
51.21
63.40
50.02
48.02
50.99
50.87
50.84
52.44
49.84
49.34
51.78
50.25
49.57
50.62
48.19
48.73
51.32
50.03
49.99
50.18
49.21
49.59
51.18
48.76
48.75
51.58
50.75
50.78
51.04
48.11
49.83
52.33
49.75
48.44
51.28
49.90
50.43
52.32
49.84
48.73
51.54
49.42
48.02
50.40
49.89
47.76
50.23
52.65
51.59
50.54
51.28
48.77
48.19
51.27
49.37
49.03
50.04
48.51
49.66
49.72
51.21
48.88
48.97
52.33
50.10
49.57
50.81
48.29
49.87
53.27
50.97
49.73
50.63
50.66
51.14
52.17
49.07
48.38
51.87
50.35
50.24
48.99
50.81
49.45
49.20
50.60
48.99
48.33
50.12
50.15
51.07
49.36
47.64
50.54
49.76
51.83
48.74
47.14
49.76
50.02
48.83
50.56
49.00
49.61
51.27
49.16
48.70
49.85
49.47
49.85
52.20
49.61
48.67
51.02
49.80
49.61
50.00
49.77
50.60
50.38
50.79
49.07
50.36
49.32
49.82
49.14
51.40
48.44
49.28
51.35
49.25
49.57
50.39
49.12
50.59
50.26
50.22
48.12
49.93
52.23
49.07
50.19
49.33
51.96
51.19
51.56
50.17
49.13
48.92
51.15
49.71
52.43
52.68
50.86
58.74
52.14
52.26
50.95
51.94
48.88
47.81
53.55
50.33
49.40
49.50
51.21
55.86
50.77
48.94
52.61
50.64
49.65
54.30
49.75
52.05
50.75
51.77
51.61
50.95
51.93
50.03
50.59
52.55
49.56
49.98
51.81
55.17
52.46
50.52
52.84
51.75
51.16
52.64
50.06
49.98
50.97
50.45
52.04
50.16
49.78
51.45
49.59
50.32
52.92
50.88
50.02
52.74
51.38
51.38
50.29
50.67
50.56
54.32
50.69
50.29
50.41
53.72
53.08
53.47
56.24
56.05
57.36
59.58
55.57
54.25
54.46
54.13
55.05
52.24
51.72
49.27
54.10
51.22
50.34
49.91
50.14
49.41
50.61
50.56
48.28
49.02
50.27
50.47
54.26
50.43
51.78
50.24
49.84
50.79
49.92
50.13
49.88
53.01
49.70
49.08
48.19
48.58
54.51
50.61
48.21
51.21
52.60
53.05
55.68
58.47
52.09
48.45
48.95
50.36
49.14
50.96
49.48
49.13
48.85
51.65
50.18
48.89
50.49
47.67
49.87
52.31
49.64
48.64
48.79
49.57
51.35
49.72
49.16
48.50
50.78
49.70
51.32
48.58
46.96
50.25
49.01
49.48
48.73
48.35
51.49
49.46
49.37
51.07
48.02
49.04
51.63
48.82
49.05
49.98
49.28
49.66
50.71
49.01
49.86
48.85
49.31
51.34
49.82
48.63
50.92
51.09
49.45
49.36
50.81
51.01
52.73
50.10
49.57
49.01
52.63
51.03
49.49
49.97
48.80
51.69
49.71
48.51
50.42
50.28
55.83
51.63
50.76
51.21
52.00
52.47
60.29
50.65
50.39
53.97
50.82
49.64
50.85
49.63
49.14
51.94
48.84
47.43
50.26
49.75
51.60
48.78
49.10
50.91
49.76
49.53
50.47
49.26
49.46
50.30
49.27
48.35
51.31
49.93
51.95
53.14
48.44
50.12
49.46
51.30
51.10
49.16
49.71
53.93
50.14
50.63
51.88
54.52
49.26
50.78
48.98
49.02
51.34
50.63
52.46
50.43
51.44
47.86
49.96
52.46
49.88
49.63
49.74
49.47
52.73
50.04
48.46
47.35
51.00
49.50
50.88
49.11
48.60
50.78
49.65
51.15
48.97
49.49
50.57
50.30
50.55
49.22
47.63
51.59
49.64
49.71
48.57
49.07
49.43
50.02
49.01
49.24
50.46
49.56
50.10
50.39
48.92
50.97
49.29
49.13
48.59
53.73
51.76
53.63
49.72
49.20
51.44
49.30
48.75
50.08
49.48
49.67
52.36
48.72
48.48
47.66
51.09
50.11
50.64
49.16
50.50
49.99
51.35
49.56
49.56
50.80
49.84
49.19
50.74
49.13
49.17
49.80
51.23
48.69
49.42
47.62
51.11
50.57
50.72
50.71
49.75
49.71
51.11
49.40
49.59
48.69
50.24
52.25
49.76
49.33
50.77
49.50
49.30
52.46
49.50
49.23
51.65
49.70
52.05
48.61
50.11
50.82
51.75
49.58
48.90
49.70
49.65
49.72
50.67
48.89
49.48
50.68
50.52
50.11
51.41
48.54
48.83
51.42
50.21
49.66
48.33
51.75
49.71
48.88
50.49
48.69
49.69
51.03
50.67
51.70
48.52
49.35
51.92
49.54
48.67
49.77
49.87
49.37
51.99
49.74
48.10
50.41
49.57
50.09
50.36
48.21
49.46
49.67
51.60
49.39
48.28
50.64
49.61
50.03
48.97
49.72
51.33
52.38
50.33
49.18
52.30
52.11
51.30
52.55
49.43
48.88
50.89
49.89
49.59
50.71
49.02
50.06
50.32
51.58
48.82
50.88
49.78
50.18
50.93
50.27
51.92
50.31
49.88
50.61
49.09
50.96
50.43
50.02
51.77
50.12
49.09
51.96
50.46
50.58
49.47
49.14
52.81
50.19
50.46
51.41
48.76
49.84
51.87
49.60
49.39
48.54
51.67
49.50
49.66
51.42
51.91
52.17
52.18
49.64
51.16
50.74
49.93
49.98
48.16
51.26
49.80
48.80
49.54
49.98
50.15
49.59
51.03
48.67
51.06
49.41
49.43
50.30
49.08
48.62
51.88
49.61
50.10
50.80
49.12
51.07
50.05
52.26
49.24
47.59
49.01
50.69
49.20
49.07
50.73
49.76
50.23
51.35
49.80
48.50
50.68
49.44
49.83
49.77
50.98
52.51
53.38
49.35
54.64
54.89
53.88
51.54
55.89
50.04
49.71
54.15
52.73
51.25
49.02
50.93
49.73
49.89
51.14
54.59
48.89
51.57
51.26
55.93
51.66
49.79
50.39
52.07
52.50
49.95
49.30
51.35
51.25
49.79
49.91
54.81
51.86
50.33
52.85
54.65
51.91
51.26
55.55
50.11
51.67
51.48
50.43
59.05
51.27
49.02
49.31
52.26
49.54
48.97
51.56
50.39
51.71
49.49
48.35
51.08
49.93
48.88
49.66
50.43
50.49
50.48
51.44
49.25
51.55
51.07
57.85
50.74
48.02
48.15
51.27
51.52
52.22
49.84
49.29
52.69
50.09
50.19
48.65
50.71
50.06
51.46
49.51
49.00
49.21
48.99
51.01
52.07
49.60
48.90
52.50
50.38
49.96
51.20
47.90
49.70
50.22
50.96
49.78
48.34
50.61
49.71
49.52
48.18
49.72
49.50
49.82
51.16
48.87
48.41
49.00
51.89
49.86
49.21
49.86
50.50
51.86
49.81
49.17
50.15
50.01
52.34
49.12
48.71
50.81
50.45
50.85
51.52
49.00
48.13
49.89
50.91
48.92
50.27
47.96
51.36
49.91
49.09
50.05
48.52
50.15
49.53
50.80
49.41
48.75
49.68
51.14
49.12
49.07
49.02
50.02
50.08
51.24
48.98
50.32
50.22
50.64
51.67
48.71
49.78
49.69
51.42
50.84
50.95
47.77
50.71
49.78
51.37
48.73
48.84
49.46
51.36
49.13
50.44
48.42
50.76
49.61
51.16
48.34
50.06
49.36
50.72
49.08
50.99
48.33
51.06
49.98
49.05
50.66
49.03
49.72
51.47
49.69
48.91
49.94
50.26
49.39
52.67
52.76
52.32
51.04
51.61
47.63
50.91
49.85
49.42
50.82
48.27
49.48
51.58
49.22
49.05
49.93
49.11
50.94
49.41
48.87
49.42
49.15
50.50
49.70
50.59
48.05
49.25
51.67
49.43
49.39
50.51
50.08
50.54
50.82
50.58
48.58
50.99
51.80
50.20
51.19
48.10
49.98
51.68
49.98
49.23
51.47
50.94
50.22
51.40
49.35
49.63
48.97
51.49
49.65
49.90
50.86
49.76
49.56
50.84
49.09
48.63
51.68
50.21
49.52
49.49
48.14
49.90
51.18
49.13
48.34
51.36
49.21
49.43
50.63
49.77
50.41
50.20
48.96
51.34
48.58
47.71
49.18
51.85
49.36
48.73
49.49
49.94
51.41
49.53
49.38
49.68
49.29
49.40
51.62
49.44
47.92
51.76
50.01
49.42
48.70
52.31
49.48
49.08
51.53
50.31
48.05
49.61
49.36
52.33
50.13
49.48
51.89
50.49
50.30
48.96
55.87
52.09
51.99
49.91
63.50
49.28
48.10
52.07
53.94
52.05
51.65
51.87
49.70
50.67
49.73
49.57
52.20
49.12
48.04
50.86
49.10
49.71
51.00
48.40
48.52
50.92
49.97
51.44
48.35
51.93
49.37
49.84
50.25
47.50
49.24
51.37
49.46
50.74
48.55
49.61
52.02
50.04
50.04
48.48
49.88
51.68
49.89
48.71
48.79
51.17
51.18
51.52
49.09
47.77
50.03
49.41
50.24
49.07
47.40
50.41
59.15
50.19
50.09
48.19
49.92
51.95
50.01
51.09
48.28
49.51
49.97
50.23
50.41
51.40
49.92
49.99
51.47
49.05
49.55
51.83
49.78
48.70
50.32
48.07
49.69
51.85
49.63
48.77
49.73
49.19
49.99
51.90
49.26
48.71
51.27
50.38
52.05
49.28
47.64
50.30
49.80
51.15
49.57
48.16
51.86
52.52
51.91
53.06
53.80
50.40
51.67
49.32
50.37
50.93
49.71
50.69
48.56
50.88
52.25
50.02
49.41
49.74
49.12
49.07
53.65
48.68
47.75
51.19
49.75
50.45
49.50
47.77
50.07
49.73
52.00
49.59
49.01
51.83
49.87
49.60
50.17
48.10
49.26
51.83
49.87
49.37
48.80
51.37
49.38
48.82
50.37
48.41
49.83
53.44
49.46
49.04
49.23
52.19
49.85
49.20
50.72
48.81
49.56
48.94
49.72
50.97
55.54
51.34
49.53
50.15
49.18
49.81
53.11
51.29
50.25
50.85
48.84
51.54
48.72
49.29
49.14
48.30
50.95
49.17
49.29
48.63
51.13
49.44
49.05
51.30
47.87
47.75
50.57
50.25
51.54
49.23
50.38
50.01
50.16
51.26
48.62
48.07
51.31
49.56
49.00
50.37
48.96
50.33
51.11
50.95
48.39
50.09
49.00
51.61
49.75
48.36
48.86
50.10
50.20
50.70
50.00
47.85
51.36
50.19
49.75
50.61
48.04
49.13
51.24
50.15
48.98
48.55
49.96
53.19
51.25
52.48
53.70
49.13
47.22
50.19
51.82
50.00
49.13
49.23
53.43
50.45
53.71
48.59
54.07
50.50
49.22
58.91
50.78
50.05
50.75
55.40
51.52
50.07
55.08
49.43
49.96
54.81
55.25
48.74
48.13
51.52
50.02
50.31
50.59
50.24
49.74
56.02
49.60
48.61
49.94
54.46
53.96
50.08
47.97
50.80
54.05
51.81
56.83
49.66
51.36
51.35
50.50
51.99
49.30
51.16
51.56
51.06
51.84
50.33
48.33
51.37
48.73
50.31
50.41
49.81
55.86
51.65
49.81
51.42
51.38
50.74
51.30
53.01
48.77
49.56
52.27
52.00
64.51
50.32
50.13
52.55
53.88
57.65
51.85
50.90
51.72
51.76
51.30
51.17
58.51
49.62
49.99
49.93
52.74
51.45
50.58
49.53
51.86
49.84
52.62
52.80
48.84
50.37
50.95
52.97
50.26
48.01
53.22
50.83
49.07
54.71
47.94
53.21
50.84
50.27
49.17
52.12
49.77
57.45
51.20
48.01
49.89
49.64
51.43
51.13
52.60
48.72
50.91
52.36
49.22
49.07
50.38
49.65
52.24
49.12
49.45
49.81
49.71
52.27
50.10
49.19
50.24
49.07
50.30
51.19
49.16
49.21
51.17
50.13
50.08
49.47
50.96
53.96
50.43
49.58
52.22
50.03
48.72
50.30
48.03
50.01
50.56
50.61
49.82
48.58
51.61
49.62
48.70
52.30
48.49
48.90
51.38
49.37
48.68
48.98
50.69
50.87
50.03
49.14
48.29
51.07
50.69
49.93
51.44
48.55
49.30
50.44
50.83
48.40
50.66
49.28
48.61
50.63
49.37
48.61
50.05
48.67
51.36
49.25
49.01
51.50
49.97
52.28
49.37
48.70
49.57
50.51
49.17
50.57
49.03
49.38
51.90
48.62
47.75
49.66
50.00
51.07
51.34
50.05
48.71
48.61
51.70
49.30
50.80
49.49
50.57
50.84
50.70
49.08
48.00
51.27
49.93
50.19
49.67
49.74
48.68
49.31
50.71
48.71
48.55
49.76
49.10
51.37
48.41
48.02
50.72
49.06
51.12
48.90
50.45
49.65
50.27
51.95
48.94
49.91
49.55
50.61
51.12
48.75
48.48
50.79
49.13
48.33
50.04
48.37
49.94
50.17
50.01
48.67
49.56
50.07
50.55
51.69
48.49
48.20
52.27
49.65
48.57
49.09
51.15
49.82
49.85
50.87
48.66
48.10
50.84
50.05
49.49
50.51
48.70
49.02
48.50
52.18
51.66
61.14
51.64
52.51
49.14
49.42
50.63
50.17
51.06
48.02
49.17
50.90
48.94
49.39
47.20
51.85
50.27
49.18
49.22
49.37
49.29
50.02
49.55
52.17
48.68
49.19
51.60
49.07
50.12
50.13
49.82
51.59
49.29
48.10
49.75
49.63
50.06
49.69
48.08
50.91
48.98
49.48
50.82
49.33
48.37
49.88
48.93
51.11
49.80
49.35
50.31
50.20
52.31
49.25
48.38
51.96
50.01
48.77
50.71
48.48
49.20
50.82
51.29
50.02
48.62
50.94
49.91
49.94
49.70
49.37
48.73
50.99
49.46
50.26
49.83
48.13
51.03
51.48
49.81
48.89
51.14
49.88
49.12
50.05
47.94
51.18
50.61
49.24
50.95
48.75
49.21
51.31
49.41
51.10
48.53
49.86
51.67
49.40
49.10
49.22
48.95
50.91
53.34
51.62
50.83
50.75
50.77
49.50
49.86
51.40
48.67
47.79
47.90
49.73
51.60
49.36
48.06
49.82
50.03
51.65
49.85
48.83
49.74
49.01
50.14
50.48
51.77
48.54
49.16
50.80
48.32
49.16
50.79
49.43
49.52
50.07
48.25
50.62
49.28
52.03
49.18
49.48
50.16
49.79
51.05
49.42
49.17
49.88
49.36
51.68
50.82
49.90
49.93
50.92
49.90
49.07
51.63
49.00
49.69
51.35
48.82
48.80
51.19
49.55
49.45
50.43
50.07
49.69
48.97
51.50
49.10
48.33
49.66
49.48
52.39
49.44
48.87
49.45
49.24
51.79
49.41
49.69
49.42
49.98
51.54
49.57
48.78
51.00
54.42
50.72
54.63
48.99
48.53
50.46
50.76
60.02
48.81
48.31
52.00
50.63
50.66
51.89
51.96
51.56
52.16
53.19
51.59
50.97
49.18
49.48
48.95
49.47
51.63
49.43
49.33
51.18
49.47
51.11
51.51
49.45
49.83
49.32
49.43
51.46
55.54
48.26
51.99
50.97
60.93
51.91
48.94
51.44
51.23
50.13
52.35
49.50
49.91
51.63
49.57
49.64
51.11
50.04
52.43
49.05
49.37
50.04
49.80
50.82
48.85
48.68
51.64
50.23
50.85
50.63
51.65
49.44
49.56
51.37
48.70
49.74
49.56
51.81
50.23
49.81
52.18
49.40
50.12
51.29
51.71
49.85
49.40
49.67
50.94
49.27
50.29
48.11
51.43
50.26
49.71
51.21
48.49
50.02
51.41
50.90
49.23
50.57
53.64
52.04
51.16
51.69
51.30
50.59
47.30
53.23
50.73
50.57
51.72
50.21
50.27
49.91
50.39
52.38
49.97
48.51
51.49
50.15
50.08
52.39
50.04
51.34
51.86
49.51
51.10
48.35
50.76
51.86
52.17
48.71
50.76
49.64
50.87
51.94
49.88
48.82
50.56
51.34
52.05
52.68
50.59
52.04
51.52
52.93
51.35
50.38
51.66
51.59
52.36
50.57
51.83
50.59
51.18
52.57
50.20
49.93
51.58
50.42
49.58
50.95
48.37
48.75
51.69
49.98
50.67
50.18
52.44
51.01
53.12
49.97
48.34
49.05
50.87
49.44
48.45
50.15
50.50
51.12
49.70
50.69
48.76
49.42
51.26
49.00
48.73
51.87
51.83
51.78
50.69
50.47
52.91
52.38
51.81
63.81
52.43
50.01
51.30
48.68
50.65
49.84
50.90
52.37
48.69
48.47
49.51
52.93
50.07
49.18
49.97
49.89
52.41
49.53
49.07
49.90
49.36
49.23
50.21
49.16
50.70
50.75
50.66
51.83
49.21
48.33
50.98
50.35
49.22
53.16
48.84
52.10
49.50
52.08
53.89
48.56
52.21
50.08
50.12
51.57
49.29
50.33
49.94
51.00
48.65
47.85
51.10
50.41
49.73
50.97
48.65
49.80
50.45
51.45
49.38
49.14
51.14
50.83
51.45
49.13
49.09
52.81
50.06
53.34
50.21
48.67
51.64
50.60
49.76
51.42
49.16
49.78
51.79
50.09
49.68
48.73
51.69
49.94
52.00
50.11
48.73
52.63
50.75
49.23
49.97
48.56
51.26
49.93
50.89
48.90
48.28
49.67
49.80
51.46
48.87
49.07
50.01
51.31
49.40
51.16
48.62
49.73
51.72
49.78
50.04
50.18
50.34
52.50
49.39
49.38
49.32
51.07
51.35
49.97
50.48
47.35
52.98
49.50
49.55
49.26
49.92
50.34
49.39
52.61
52.13
51.37
50.92
50.79
48.97
50.90
48.34
48.43
54.33
50.28
50.21
50.44
48.81
53.89
50.43
50.03
54.96
50.22
49.45
56.10
50.28
55.86
51.52
49.64
49.55
51.66
52.61
50.25
56.13
49.10
50.69
59.31
51.84
48.86
50.89
54.30
55.04
51.15
49.52
53.16
53.01
51.16
51.38
49.14
50.99
60.97
51.42
49.08
50.60
48.06
50.40
51.07
52.15
49.76
49.47
52.00
50.51
50.00
51.28
49.32
49.81
52.15
49.47
51.28
49.33
50.07
50.94
51.47
49.29
48.36
50.64
49.70
50.18
48.57
49.04
48.81
50.91
49.78
50.33
47.63
48.43
50.92
49.62
49.77
48.95
49.95
49.53
49.67
50.85
48.26
49.42
51.91
49.30
48.26
49.68
49.65
49.98
51.04
49.36
51.64
53.79
51.36
50.67
49.93
49.16
50.80
48.60
47.64
51.03
49.11
50.05
48.68
51.20
48.99
49.40
50.68
49.50
51.11
49.78
50.67
52.01
50.09
51.90
48.52
49.30
50.77
49.47
53.69
51.74
48.03
47.64
51.17
49.74
49.71
50.98
48.36
50.12
51.43
49.07
49.38
48.16
52.21
49.87
49.10
50.79
48.44
49.73
51.32
49.65
49.54
49.07
50.44
50.72
49.81
49.71
49.03
51.67
49.78
50.33
51.11
48.34
51.28
49.71
49.30
50.41
48.12
49.07
51.85
49.01
49.46
51.47
49.57
49.62
51.18
49.44
49.27
50.52
51.42
50.72
49.06
50.24
49.17
51.67
49.39
48.01
49.65
50.26
50.78
52.68
49.77
49.05
51.65
49.98
51.68
48.59
48.49
49.52
51.34
49.50
51.24
48.26
49.81
49.80
51.14
49.08
49.33
50.57
50.36
52.06
49.37
48.66
49.54
51.95
51.28
59.78
52.30
48.97
50.34
50.92
53.07
54.53
51.83
50.87
49.83
49.74
51.90
50.18
49.55
47.91
51.09
50.30
52.02
49.40
48.36
51.32
50.03
48.97
49.43
49.97
49.36
51.28
48.79
51.20
48.12
49.98
51.58
49.41
48.68
48.82
49.50
51.66
49.18
48.80
50.18
49.38
49.31
50.70
48.94
50.43
48.97
49.32
50.73
49.12
48.70
49.59
49.91
50.52
48.76
49.50
49.19
51.01
49.72
48.41
49.02
49.16
50.45
49.65
51.55
47.95
49.63
52.49
49.33
50.48
48.81
51.90
50.32
50.82
51.05
48.30
51.30
50.75
50.01
50.53
49.76
51.27
50.73
49.01
53.77
53.20
52.31
51.78
48.37
48.98
51.05
50.02
48.75
48.91
50.86
49.56
48.92
50.03
49.83
50.75
51.75
49.46
48.72
48.85
50.98
50.30
50.22
49.27
50.66
49.83
49.89
51.16
49.58
48.82
49.71
49.46
51.48
49.35
47.95
51.02
49.65
49.19
50.95
48.70
49.87
50.95
49.95
50.74
49.23
52.48
49.82
49.62
50.05
48.56
51.77
48.83
48.42
48.68
49.10
49.37
49.84
51.89
48.82
48.96
49.97
50.89
50.17
49.37
48.30
51.23
50.32
50.24
48.52
50.55
50.59
50.87
52.20
50.22
49.10
52.05
51.16
50.97
51.71
48.71
51.91
49.90
51.85
50.00
48.71
51.40
50.29
50.13
53.31
49.61
49.52
50.76
48.89
49.51
48.69
51.04
49.95
48.91
50.04
50.40
49.66
48.62
51.27
49.30
48.91
51.97
50.13
52.26
49.86
48.94
51.05
49.76
51.58
49.72
48.59
51.71
48.31
53.27
53.67
55.24
49.93
49.52
51.25
49.63
52.80
50.21
51.98
50.96
52.48
50.70
51.05
51.13
51.06
50.86
50.54
51.72
49.16
51.15
51.53
51.76
51.13
48.47
56.97
49.44
49.61
53.69
49.70
50.70
54.94
49.57
48.94
59.20
48.77
49.55
49.88
50.92
49.64
49.61
49.49
50.84
48.92
49.54
50.66
50.33
50.22
51.07
48.73
47.74
47.95
52.11
51.40
52.99
51.31
51.35
48.72
49.43
51.57
49.77
48.88
50.07
48.08
52.10
50.23
48.53
49.96
48.33
49.28
51.29
49.36
49.43
49.56
49.00
50.85
49.63
50.02
51.34
50.10
50.32
51.76
49.33
48.47
51.88
49.55
48.90
50.03
48.41
49.83
51.25
49.97
51.10
48.77
50.61
50.95
49.67
50.86
47.66
49.94
50.60
52.28
49.55
48.39
52.53
49.99
49.33
51.33
48.78
49.83
51.33
49.84
51.50
49.49
51.70
53.04
51.66
53.88
52.44
53.83
56.44
54.30
53.79
52.31
51.80
51.65
51.96
49.18
48.73
52.57
51.59
51.07
51.58
48.92
48.82
51.69
50.09
49.41
48.87
51.86
50.24
49.73
49.64
49.55
49.82
50.66
49.67
51.26
48.89
49.93
52.70
50.78
49.17
49.37
49.50
51.00
49.15
50.42
48.04
49.43
52.80
49.74
48.45
49.44
48.53
51.95
49.20
49.49
48.53
49.93
52.72
50.18
49.49
50.53
49.54
50.30
52.28
49.20
49.00
50.50
50.57
51.23
54.06
56.68
54.57
52.88
51.63
49.92
53.14
50.10
49.04
48.07
50.88
49.44
50.53
51.16
48.47
50.30
50.10
52.20
49.47
49.59
52.08
50.10
49.31
49.17
51.04
49.47
50.27
52.24
50.08
47.92
49.40
51.20
48.96
49.15
50.36
51.25
50.97
50.76
51.48
48.90
50.00
52.09
50.43
49.79
51.63
49.81
49.80
50.94
49.71
50.72
49.70
50.79
48.90
51.10
48.44
49.29
52.83
49.88
49.17
50.50
50.12
50.03
51.57
49.35
48.60
50.71
49.48
50.48
50.04
48.39
50.70
50.18
52.29
50.11
47.88
50.75
49.08
49.26
50.54
48.77
49.61
50.39
49.92
51.59
49.05
49.93
50.15
52.09
49.64
48.00
51.35
50.09
49.88
52.25
48.89
51.67
51.38
49.53
50.03
50.02
51.61
51.24
51.81
51.98
50.96
48.59
52.21
51.39
52.86
53.07
54.18
50.99
50.04
52.01
49.66
48.94
50.03
48.18
51.44
50.25
49.34
51.27
48.60
49.89
51.58
49.24
50.91
47.62
48.72
51.18
49.05
49.83
48.50
49.11
52.36
50.01
49.22
49.41
49.24
51.64
49.20
49.03
49.39
50.18
51.22
49.88
48.88
51.07
50.07
49.07
50.91
48.59
47.07
50.53
49.96
51.27
49.18
49.46
49.02
50.35
48.32
47.85
49.43
49.37
49.58
49.97
48.63
51.20
50.20
49.86
50.00
50.38
48.18
48.35
50.80
48.80
48.04
51.16
49.81
49.79
48.97
50.32
49.11
49.77
51.00
49.07
49.25
47.87
49.61
51.11
48.86
49.35
49.39
49.52
54.18
49.78
51.02
48.27
49.69
52.57
50.17
48.71
50.79
50.04
49.73
52.22
48.96
48.63
51.03
50.15
49.40
50.34
52.04
50.58
52.57
49.67
48.55
51.41
53.77
51.52
50.82
49.06
49.18
50.20
54.03
51.62
51.54
53.32
51.78
49.13
49.05
48.69
48.88
60.93
49.61
48.49
50.00
51.58
50.32
49.67
52.70
49.52
53.83
50.25
49.33
48.98
49.92
51.45
49.64
49.39
50.69
51.36
60.42
49.66
51.84
48.55
49.67
50.67
51.38
49.21
49.23
50.34
51.43
50.16
51.16
48.08
48.85
50.88
51.94
48.95
48.59
49.55
50.18
50.09
50.97
48.56
49.76
50.30
49.90
49.44
48.33
51.01
50.66
49.40
51.73
48.91
50.93
49.71
51.35
48.98
48.23
51.93
49.52
49.97
49.97
48.40
52.30
49.53
49.90
53.05
58.46
53.74
50.89
50.41
53.26
51.45
52.20
49.92
48.88
53.05
49.77
50.08
49.57
49.83
49.30
50.60
47.79
48.30
48.76
50.33
50.76
52.14
50.25
50.37
52.69
50.59
50.09
49.12
50.30
52.35
50.42
49.79
48.66
52.40
50.51
49.36
50.55
49.00
51.36
51.05
49.18
52.24
48.90
49.40
50.06
50.98
48.74
51.00
57.19
50.91
50.03
48.51
50.42
53.81
51.88
48.53
51.62
52.68
49.81
57.33
51.73
48.69
48.74
51.54
50.48
50.58
49.82
51.16
50.59
49.70
49.60
50.54
48.59
50.14
50.86
49.89
52.14
49.30
49.47
50.07
51.24
48.84
47.86
49.59
51.06
48.50
47.85
48.67
49.64
50.27
49.09
50.89
48.24
49.78
50.15
47.97
50.50
53.05
51.18
51.01
51.37
52.58
50.30
51.89
49.69
53.11
51.52
52.26
49.70
48.91
49.27
59.57
49.93
50.91
50.11
48.91
51.98
50.22
49.90
51.74
49.12
50.63
50.20
51.19
48.69
48.15
50.93
50.06
51.21
49.05
48.44
51.86
50.05
49.15
51.39
48.79
49.29
51.62
49.30
48.85
47.63
56.04
51.95
50.50
51.73
48.93
52.74
50.06
50.22
51.64
48.75
52.14
50.26
49.82
50.80
48.32
50.18
52.08
50.24
50.00
50.30
48.90
49.40
49.09
50.43
48.27
49.51
51.46
49.44
51.81
49.05
50.96
49.61
51.04
49.97
51.51
50.38
50.25
51.14
48.82
48.14
51.68
52.96
49.43
47.96
49.89
49.58
51.84
50.03
48.57
49.91
49.65
50.06
48.94
51.41
48.50
49.68
51.96
49.74
48.67
50.27
48.93
52.05
49.60
48.43
50.06
49.35
48.99
51.53
54.29
51.66
50.94
51.69
49.06
50.20
49.92
50.03
48.26
47.79
50.37
50.92
49.35
50.24
60.10
49.91
50.43
47.80
49.12
49.69
49.92
49.55
51.53
49.49
48.20
51.70
50.05
49.46
51.16
48.40
49.51
51.94
49.24
49.08
49.53
49.43
50.88
50.14
49.50
50.07
49.61
49.93
51.76
49.68
50.98
51.25
50.79
50.62
50.79
48.97
50.85
51.71
52.04
49.72
48.76
52.54
50.02
49.11
49.42
48.96
50.53
49.46
50.67
48.60
52.48
52.13
49.53
49.91
50.51
48.14
50.62
49.19
50.73
47.95
49.18
49.80
50.98
49.09
50.20
48.39
49.17
50.34
50.26
49.01
48.50
49.98
49.11
51.12
49.12
48.49
51.83
49.86
49.73
49.68
50.04
49.22
50.50
49.65
51.48
49.54
50.18
51.96
49.44
48.67
49.49
49.31
50.76
49.78
48.47
51.00
54.91
51.57
48.96
50.02
50.08
51.63
49.19
47.80
51.87
49.10
48.75
50.65
48.57
49.19
51.25
49.02
49.06
52.37
49.93
50.67
50.47
50.88
49.44
51.76
50.91
49.92
50.98
48.44
50.32
51.40
49.42
50.23
47.50
49.21
51.41
48.83
50.99
48.54
49.03
50.82
51.19
49.84
48.71
50.98
50.58
49.45
49.94
48.30
50.31
49.70
49.41
51.54
48.14
49.24
49.54
49.91
48.94
48.88
50.52
56.40
51.60
50.52
49.53
55.11
51.67
62.15
49.29
49.23
48.97
51.07
52.48
50.07
49.04
51.94
50.18
49.53
50.92
49.25
50.66
49.79
51.00
49.17
47.92
50.01
48.96
49.47
51.08
49.20
49.61
50.25
49.25
49.01
50.72
49.22
52.23
49.72
48.61
49.97
48.51
48.68
50.53
48.51
48.01
51.31
50.10
48.74
49.25
49.07
49.56
51.13
49.54
48.33
49.71
49.42
50.55
48.59
52.34
53.18
51.60
52.35
48.55
49.91
50.86
49.02
50.64
47.82
49.17
51.49
49.52
49.50
50.54
49.18
50.40
49.87
48.78
50.04
49.33
49.52
47.91
50.72
48.28
49.73
49.63
49.31
50.35
47.86
49.37
50.07
49.45
51.79
48.69
49.45
49.70
51.30
55.82
48.26
49.91
49.86
49.99
49.07
50.38
49.26
51.92
49.25
48.81
50.55
49.41
50.69
50.86
49.21
50.59
49.71
51.29
49.49
48.75
50.40
49.53
49.51
50.72
49.22
47.43
51.61
49.37
49.91
50.78
48.75
49.94
50.55
48.96
48.19
49.02
50.67
52.65
50.02
50.22
48.34
50.68
50.22
51.12
48.84
48.04
51.27
50.00
50.37
48.85
48.82
51.86
52.23
51.95
50.37
52.17
50.04
50.29
48.07
48.88
51.56
48.97
47.93
50.48
49.73
49.42
51.36
49.09
49.80
49.37
49.10
51.33
48.39
47.63
51.03
49.75
50.13
49.64
49.19
49.30
50.58
49.92
48.94
50.59
49.48
48.85
51.92
49.58
48.11
51.58
50.60
49.19
51.10
48.99
49.16
51.10
49.60
49.50
49.68
49.70
49.39
52.99
49.02
48.51
51.96
49.78
51.26
48.71
48.63
50.35
49.73
50.58
49.17
48.50
50.54
49.86
51.47
49.49
48.28
49.39
51.12
49.67
48.14
49.31
49.17
51.28
49.35
49.48
48.37
51.72
50.74
49.41
50.39
48.15
50.87
49.38
49.01
49.04
49.54
48.66
48.69
49.17
50.28
49.00
49.72
51.07
49.92
49.06
50.63
50.20
50.75
48.74
53.39
52.54
51.13
51.85
48.53
49.42
49.98
52.10
49.68
47.79
51.35
49.00
49.88
48.38
50.05
48.70
49.36
51.44
49.03
48.80
49.26
55.61
49.45
48.69
50.50
49.54
50.50
50.66
49.35
50.04
53.69
51.29
51.25
49.17
51.14
49.56
49.97
51.82
49.46
49.08
50.62
49.69
49.71
51.73
48.33
48.84
50.74
51.00
48.58
48.64
49.62
49.13
52.06
49.11
48.45
48.96
52.28
49.32
49.11
50.06
48.67
49.19
50.79
48.94
48.75
48.86
51.26
49.17
49.27
49.89
49.09
49.42
51.09
48.66
49.75
49.43
49.36
50.94
48.51
47.73
50.75
49.86
48.98
50.14
48.55
49.30
50.77
49.51
51.45
48.95
49.74
50.10
50.28
49.57
48.35
51.77
53.81
51.02
51.61
51.24
51.88
48.67
47.88
51.23
49.65
49.57
49.94
49.23
49.20
50.72
48.77
49.27
50.75
50.15
50.40
51.61
49.29
48.61
51.39
49.25
49.80
49.69
48.38
51.77
49.04
49.22
50.33
47.27
49.19
52.08
49.77
49.40
50.31
49.64
49.82
49.50
49.44
49.58
49.53
52.54
49.78
49.38
50.77
49.53
49.71
51.24
49.65
49.83
48.68
50.58
48.88
48.82
48.70
50.25
50.95
49.72
49.37
48.38
49.76
51.94
49.82
49.00
48.88
50.79
49.79
51.59
48.74
47.76
49.20
49.40
49.89
48.86
48.50
50.50
50.69
51.15
50.00
48.82
49.27
51.98
49.53
48.75
51.21
50.81
50.61
50.76
49.25
49.04
53.05
50.67
49.46
50.44
48.46
49.81
50.87
49.43
49.62
51.15
49.64
49.51
51.68
48.91
47.32
48.87
50.96
49.34
51.58
48.24
48.89
50.57
49.47
48.71
49.24
51.81
49.58
49.59
51.37
48.12
49.90
52.52
49.49
48.55
49.77
49.53
51.25
50.04
49.84
47.68
51.31
50.36
48.97
51.10
50.09
50.97
51.12
52.66
51.57
50.75
49.71
56.58
48.04
52.81
50.36
50.22
50.39
54.62
50.62
50.80
50.21
49.27
50.69
51.99
50.08
50.02
49.85
48.44
50.58
52.38
48.85
49.33
50.09
49.78
50.20
58.80
51.56
47.76
49.12
50.39
49.79
50.75
48.46
48.78
51.93
49.80
49.02
48.97
52.88
51.03
49.58
49.60
49.57
48.55
51.67
49.71
50.47
48.09
49.41
50.96
49.02
49.08
50.47
49.18
49.53
51.04
48.42
48.95
51.71
49.28
48.44
51.45
52.25
51.39
59.68
48.70
50.20
48.41
49.29
51.11
49.62
49.83
50.40
49.03
49.43
51.68
48.79
48.78
49.11
51.46
49.54
49.38
47.98
50.61
49.98
49.63
47.93
49.00
48.75
49.61
51.50
48.74
48.05
50.37
49.78
49.81
49.95
48.42
50.42
49.70
49.59
50.26
47.74
49.41
51.74
50.29
49.38
51.39
49.68
49.79
49.90
50.14
48.15
51.46
53.37
50.45
50.90
52.95
49.58
48.45
50.17
49.98
50.16
51.62
48.05
47.62
49.76
62.42
50.99
48.85
49.89
49.48
50.63
51.11
51.33
48.35
52.51
50.74
49.62
49.42
49.40
48.65
51.62
49.92
49.27
49.04
49.90
51.06
49.52
49.02
49.86
49.33
49.88
50.05
49.59
47.81
50.62
50.19
51.52
48.93
48.80
48.58
51.43
48.94
48.53
48.74
49.84
52.75
49.87
49.00
50.27
48.59
49.02
51.20
48.62
48.48
50.19
50.23
51.68
49.19
48.28
49.58
49.56
50.80
49.40
49.48
49.06
49.69
52.49
49.38
49.95
51.58
50.40
49.65
54.60
49.55
49.51
50.58
62.06
51.00
47.91
52.01
50.24
49.65
52.41
49.88
50.62
51.07
50.70
51.15
48.87
48.62
49.61
51.69
48.88
48.88
48.98
55.08
49.79
49.80
54.99
52.80
51.71
50.91
53.40
51.41
52.84
48.98
50.34
51.64
49.97
48.91
49.87
48.31
50.81
49.25
49.31
49.61
48.08
49.58
50.20
51.90
49.17
48.29
51.69
49.56
49.76
50.59
48.01
50.50
49.23
52.09
49.32
47.93
50.90
49.44
48.65
50.36
48.12
49.54
51.57
49.74
48.90
49.27
48.72
51.42
48.94
49.69
48.75
51.44
49.84
50.05
50.74
48.38
49.91
50.72
49.59
49.84
49.86
50.56
51.50
49.98
49.55
50.59
49.32
49.91
51.87
49.14
48.69
50.06
51.12
50.13
50.03
49.13
49.72
50.84
49.58
50.46
48.42
49.48
49.22
50.86
49.30
48.17
48.97
49.85
49.97
48.23
50.40
48.02
48.62
51.07
48.53
47.88
50.27
50.56
48.65
50.81
48.05
48.84
51.31
49.09
49.06
48.29
50.04
51.20
48.92
50.15
48.27
50.25
49.04
50.96
48.00
48.28
50.91
50.64
52.88
49.55
48.95
51.71
50.00
50.04
51.04
48.11
49.57
51.48
49.23
49.87
47.87
51.68
50.14
49.81
50.71
47.80
50.28
51.86
49.69
48.56
48.30
51.80
50.25
49.86
51.32
48.72
49.62
50.40
49.91
49.43
50.50
50.43
51.44
50.16
52.19
51.83
52.75
52.94
53.18
50.82
50.12
52.20
49.41
48.23
50.79
49.36
48.56
51.69
48.68
50.28
50.03
51.31
48.13
48.05
51.39
50.18
49.68
51.21
48.21
49.78
50.66
50.32
51.36
50.16
51.88
51.52
59.99
49.38
47.88
52.22
50.25
49.57
50.95
49.07
50.49
51.55
49.57
48.46
50.09
49.47
53.61
49.53
47.98
47.93
50.75
50.13
51.34
48.71
47.98
50.39
49.02
49.35
48.77
49.86
49.65
50.14
51.92
48.68
48.16
49.60
51.45
48.24
47.90
49.89
48.92
49.52
50.72
48.44
54.19
52.14
47.98
53.83
53.36
53.85
50.76
52.11
48.89
52.09
50.42
49.61
49.79
48.31
50.10
49.80
51.08
48.26
48.40
49.31
51.22
49.62
48.80
50.56
48.51
49.18
51.29
49.74
48.31
51.99
49.13
48.82
48.78
48.51
48.86
51.42
49.10
49.53
49.35
50.52
51.18
50.61
51.14
48.57
50.28
50.73
49.84
51.98
49.33
50.13
49.96
49.41
47.95
50.64
49.69
50.24
50.85
48.42
47.07
50.70
48.62
47.88
49.49
48.38
48.98
49.93
51.41
49.29
47.65
52.37
49.69
49.43
49.63
48.94
49.55
51.28
49.00
48.63
48.88
51.62
55.19
51.14
51.27
53.31
49.84
48.91
50.48
49.79
50.28
48.76
49.15
48.55
50.71
51.55
50.86
48.63
49.45
50.03
49.60
51.76
48.70
49.38
52.03
50.59
50.82
49.34
48.40
51.90
51.05
50.79
49.33
51.33
52.01
52.80
53.19
49.49
54.06
50.59
52.79
50.69
63.82
48.63
51.41
49.86
50.14
50.23
51.42
50.92
50.64
52.41
49.73
50.29
51.89
53.05
54.01
51.96
50.77
51.04
47.99
49.44
50.27
49.46
49.61
49.20
47.87
51.59
49.90
49.53
48.95
49.45
50.21
49.86
49.46
50.02
49.03
50.74
49.32
49.08
48.06
49.87
49.85
48.79
48.88
51.56
48.51
49.46
50.10
49.09
51.99
48.34
49.92
49.62
50.76
49.04
50.55
49.11
48.51
49.58
50.68
49.13
49.50
51.77
49.94
50.28
49.77
49.30
52.23
50.08
48.95
48.40
52.43
50.25
49.35
48.20
54.04
50.10
48.96
50.89
50.72
49.31
49.47
51.40
49.88
49.03
50.20
49.07
50.79
51.62
48.73
50.14
49.60
50.54
50.25
51.10
47.74
49.07
51.61
50.15
49.44
49.97
49.72
49.25
51.31
48.51
47.87
50.91
49.88
50.32
50.34
49.31
50.08
53.36
50.09
49.33
48.10
50.62
49.86
50.65
48.80
47.95
51.61
49.63
50.29
48.76
49.00
49.41
50.38
51.23
49.32
48.84
49.23
50.21
48.84
50.74
48.25
49.48
50.62
49.52
50.29
48.07
49.63
52.60
49.39
48.57
48.26
51.64
49.35
48.28
51.18
48.07
48.79
51.41
53.89
52.07
50.83
49.48
50.70
47.56
48.41
51.42
49.45
48.39
50.12
49.08
50.00
49.73
48.67
50.84
49.20
49.91
50.15
48.81
49.60
49.46
49.33
49.32
48.05
48.75
49.26
49.36
49.00
50.73
47.91
49.20
50.48
48.62
48.15
50.07
49.88
49.22
49.02
50.47
48.39
49.67
51.23
49.46
49.03
50.04
50.48
50.04
51.73
49.00
48.25
50.12
52.47
49.32
48.31
47.92
50.20
48.94
49.03
50.09
47.96
51.18
49.36
50.54
51.48
48.42
49.61
51.79
49.39
48.88
48.75
48.80
51.25
49.37
48.88
51.16
50.11
51.27
48.41
47.64
50.91
49.42
49.88
51.52
48.18
49.17
51.04
50.19
49.41
48.98
52.15
50.26
49.78
50.70
48.02
49.42
49.98
51.41
48.85
50.06
50.25
51.44
51.40
48.84
48.17
51.08
49.40
48.97
49.86
48.56
50.99
49.93
49.75
50.36
48.54
49.51
50.00
50.77
49.88
47.88
51.16
49.85
49.01
49.18
50.09
49.66
49.76
49.07
49.63
48.65
50.96
51.24
50.12
49.29
51.59
50.17
49.26
50.04
48.17
49.81
49.50
49.47
50.82
49.65
48.45
51.69
51.52
50.44
52.41
54.40
50.92
50.05
50.44
50.33
49.38
51.38
48.91
48.65
50.39
50.15
51.70
49.42
48.08
51.54
49.54
50.34
50.76
50.00
49.55
50.72
49.73
51.02
48.22
48.90
50.14
49.13
50.74
48.02
49.55
50.22
49.93
50.59
48.30
49.87
51.44
49.57
48.67
47.73
49.43
49.12
51.45
48.77
49.13
49.83
50.41
49.96
50.01
49.19
51.31
49.56
49.70
51.64
48.92
48.41
50.98
49.24
49.28
50.04
49.26
49.45
51.09
49.07
47.24
51.25
50.08
49.22
50.06
49.25
50.77
49.83
51.40
49.72
48.94
50.99
51.13
50.96
49.09
47.90
51.35
49.98
49.88
52.48
48.43
48.96
50.84
49.13
48.65
49.62
50.05
51.63
49.58
48.97
50.15
49.09
49.51
49.16
50.50
48.24
51.32
50.87
49.27
48.47
47.93
53.53
50.87
49.06
50.42
48.44
49.01
51.97
49.79
49.77
50.32
49.15
49.54
51.02
48.64
48.93
52.04
50.19
49.93
49.51
48.95
51.98
49.92
49.22
48.72
50.11
49.03
49.34
50.87
48.51
48.08
50.30
49.68
48.09
53.48
52.79
51.75
51.72
48.97
49.24
51.18
48.72
48.51
48.95
48.58
50.32
48.50
48.54
49.47
48.78
49.57
51.29
48.83
48.29
51.89
50.10
48.88
48.06
51.54
49.54
49.38
49.08
50.53
48.44
49.59
51.08
49.79
49.13
49.64
49.61
50.43
49.07
49.77
47.88
49.04
51.09
49.10
49.04
50.37
49.38
49.48
50.09
50.35
47.96
51.57
50.10
50.05
51.09
48.35
51.23
49.29
49.39
50.19
48.57
49.89
51.66
50.39
48.70
49.46
49.48
50.63
49.68
50.91
48.63
49.96
50.43
49.65
50.18
48.98
49.72
51.03
49.67
49.29
49.77
52.21
51.83
52.06
49.44
48.87
54.63
56.67
49.50
49.96
48.57
49.18
51.90
50.01
49.21
49.66
50.02
50.12
50.92
48.98
48.52
51.94
49.82
49.44
51.34
48.46
48.88
50.48
49.21
54.35
52.04
51.01
51.50
48.72
50.01
52.18
49.88
48.58
49.75
48.91
49.51
50.52
49.93
49.34
48.42
50.85
48.94
48.28
48.38
50.24
48.83
50.43
48.23
47.86
51.23
49.34
52.32
49.79
49.11
49.45
51.26
50.06
48.81
49.89
49.20
49.06
50.17
47.71
50.41
49.72
51.71
49.74
49.61
49.66
50.25
50.44
51.66
48.70
47.97
50.64
49.27
49.69
50.62
48.31
49.38
50.27
50.03
50.38
47.83
51.01
48.94
51.72
49.00
47.48
49.16
51.45
50.18
48.68
47.99
51.89
49.78
49.85
50.05
49.79
52.15
50.31
52.36
49.64
47.86
50.73
49.86
49.15
51.25
49.41
49.44
52.13
49.19
49.54
50.67
49.28
50.21
50.13
51.27
48.78
50.27
51.49
49.14
48.92
50.51
50.09
51.76
49.99
49.43
47.98
50.91
49.29
51.69
49.01
48.14
51.18
49.59
49.56
50.95
50.39
49.12
49.49
48.57
50.32
48.83
49.58
50.77
51.84
49.46
48.41
51.25
50.17
49.83
50.89
48.90
51.65
49.24
49.26
51.55
48.62
49.21
50.69
49.24
49.06
49.25
49.86
49.52
49.33
48.37
50.28
49.26
48.89
50.48
52.19
54.53
50.22
51.60
47.77
48.93
50.14
50.30
49.34
50.30
49.05
49.26
50.93
49.18
48.24
51.24
49.11
49.06
49.67
48.17
51.26
50.71
49.14
50.50
48.51
49.95
51.60
49.66
49.54
48.95
50.41
49.53
51.59
49.29
48.35
52.31
50.18
49.07
48.35
50.55
48.18
51.30
49.72
57.66
50.39
48.44
49.32
52.67
48.92
47.89
50.71
51.65
49.93
49.03
50.37
48.90
49.26
49.40
49.23
47.89
51.51
49.26
48.64
51.18
47.82
48.71
49.97
50.11
49.37
48.66
50.94
49.25
50.72
49.45
50.16
49.42
59.74
49.56
48.48
49.26
49.53
56.43
51.83
51.10
50.73
50.10
53.42
50.89
52.32
53.43
50.02
48.13
48.62
48.62
51.24
48.63
48.53
50.21
50.59
50.51
48.61
51.08
48.23
49.89
51.37
49.29
51.30
48.21
50.17
51.99
49.24
48.57
48.12
50.87
50.84
50.21
50.37
48.15
49.66
50.02
52.00
49.28
48.99
49.11
51.34
48.78
49.34
50.57
49.32
49.04
49.84
50.60
48.05
51.83
50.30
49.52
50.07
48.65
59.74
51.22
50.72
49.75
51.49
51.44
58.53
49.96
50.92
48.19
49.03
52.07
50.28
49.20
50.66
49.95
49.71
49.38
50.47
49.23
51.71
53.06
55.05
53.51
53.80
50.19
52.03
53.52
51.49
51.73
52.55
49.65
48.30
49.71
50.82
50.77
49.08
48.63
51.27
49.92
49.21
49.44
48.31
51.30
49.63
49.75
51.14
48.41
49.25
49.07
48.82
51.68
48.70
49.78
50.33
53.29
49.46
47.11
49.55
51.50
49.77
48.89
48.12
51.57
50.83
50.02
50.44
49.73
51.66
51.70
49.99
51.91
49.81
52.31
51.37
50.02
51.62
49.52
50.55
51.45
49.68
51.08
51.13
49.62
49.63
49.12
51.45
48.49
49.77
51.03
51.96
49.14
49.21
49.89
51.97
49.70
49.06
51.15
51.01
50.75
52.00
49.04
49.21
52.98
50.63
51.12
49.51
48.90
52.07
49.48
48.95
51.41
49.61
49.55
51.85
50.47
50.39
49.14
51.13
49.88
50.14
50.77
48.61
50.55
51.54
50.69
51.57
48.81
50.13
52.18
50.18
48.62
49.21
49.61
51.78
49.80
51.87
48.70
51.11
52.66
50.99
50.01
51.00
49.92
50.42
48.88
50.60
48.46
49.86
51.51
49.27
49.60
48.56
52.04
49.99
49.07
47.54
49.94
50.01
51.20
51.91
49.85
52.01
49.43
48.84
49.93
49.63
50.26
50.02
49.76
50.73
48.98
49.80
51.72
49.51
48.42
49.90
52.06
50.64
48.58
49.88
50.15
50.12
50.72
48.96
48.95
50.02
50.54
51.25
48.89
47.77
50.62
49.36
49.47
49.44
49.99
48.59
49.30
49.95
51.20
48.18
49.74
51.16
49.61
48.78
50.33
49.80
49.44
50.80
48.16
47.88
51.52
50.20
52.07
49.32
47.77
51.32
49.55
51.45
48.75
47.81
50.20
49.71
50.34
50.22
50.26
49.62
49.29
51.77
49.01
48.53
50.12
50.24
52.36
49.38
51.11
50.37
49.27
51.59
49.29
48.51
48.87
52.04
49.91
49.68
51.94
50.10
49.84
49.55
48.18
49.13
53.97
52.95
51.01
50.99
50.51
50.53
52.33
52.61
49.64
50.25
50.18
53.00
50.36
54.44
53.68
51.16
50.05
53.06
51.67
50.89
50.89
49.13
58.16
54.18
49.14
49.60
51.88
49.46
50.53
51.42
51.70
51.00
50.13
50.67
51.40
48.79
47.90
51.91
50.41
51.32
51.41
49.67
48.80
51.74
49.63
52.10
49.44
48.15
51.21
51.63
51.83
51.13
50.49
54.44
48.94
50.42
51.70
49.75
50.46
50.36
52.97
50.39
48.95
59.71
49.41
48.44
50.84
49.35
51.87
50.61
52.04
49.78
50.89
49.89
49.46
51.48
49.23
48.71
51.07
50.73
49.75
50.49
47.91
49.57
51.65
52.90
49.67
49.42
52.37
55.56
48.87
50.43
50.34
49.38
50.57
57.38
50.23
50.15
51.03
60.85
50.75
49.37
49.23
51.19
50.70
51.93
49.71
49.47
50.00
51.76
49.98
50.27
48.33
51.31
50.15
50.77
49.80
50.84
50.09
49.73
52.14
49.21
48.91
51.49
50.01
49.04
50.43
48.12
50.25
51.80
50.00
48.21
49.42
49.20
49.63
49.57
50.48
48.31
49.97
50.28
52.53
49.64
48.59
53.49
51.66
51.78
51.21
52.98
49.75
48.81
49.88
48.93
49.28
51.31
48.98
48.20
50.41
50.17
49.64
49.94
48.35
49.59
49.99
48.30
48.55
48.78
50.61
49.77
49.69
49.74
49.31
49.54
50.89
49.58
49.43
49.01
50.23
50.74
50.91
51.21
48.66
49.62
48.81
50.44
48.37
49.92
49.73
49.58
52.12
49.50
48.87
52.20
51.17
49.60
51.31
48.87
48.81
51.87
49.76
49.03
49.76
49.81
50.01
51.11
48.27
47.53
50.13
52.06
49.85
48.99
49.33
48.66
49.15
51.20
48.86
48.07
51.91
50.58
49.51
50.79
48.51
48.94
50.94
48.99
49.86
49.77
52.39
49.90
49.92
51.95
48.23
49.27
50.11
48.34
50.58
48.20
51.88
50.46
50.14
48.57
50.58
49.73
49.31
52.37
48.95
48.70
51.23
49.28
51.09
54.16
53.97
51.91
52.05
52.19
50.56
50.21
48.65
52.06
50.44
49.48
50.72
49.92
57.03
50.13
48.68
49.95
50.77
49.45
49.49
51.16
50.92
51.22
48.27
48.81
53.80
50.77
49.57
50.80
48.16
48.53
51.57
48.98
49.01
49.99
49.18
50.12
51.10
48.60
50.45
49.27
50.16
50.88
49.14
49.98
50.26
50.10
51.05
48.76
47.48
48.78
50.76
49.71
49.36
49.07
50.39
50.71
52.53
49.06
48.66
51.81
49.61
49.54
51.59
48.52
49.56
51.04
49.71
51.62
48.77
51.62
49.42
49.38
50.71
57.84
51.01
51.60
50.20
49.41
49.49
50.94
52.56
50.26
49.15
48.59
52.04
49.97
50.17
50.78
49.69
50.45
52.89
56.21
48.27
48.95
50.95
53.20
67.35
56.29
51.69
49.94
51.61
49.51
50.72
51.69
49.41
48.48
49.52
48.93
51.96
49.28
49.71
49.86
51.70
49.86
50.45
49.69
49.08
50.32
50.95
49.72
49.62
50.43
49.52
49.90
50.39
49.79
50.13
49.53
50.21
49.28
50.71
47.58
50.91
50.11
49.44
50.23
48.02
49.83
50.42
51.74
49.16
48.54
50.33
49.52
51.24
49.71
48.87
49.86
50.80
50.27
49.86
49.22
49.40
51.13
52.42
56.82
48.38
50.41
53.28
52.24
49.72
53.29
50.44
50.84
61.53
48.81
50.18
50.67
50.50
51.93
49.06
48.21
51.06
50.33
49.63
52.47
49.38
49.72
51.80
49.29
51.93
48.41
48.99
49.73
51.50
48.00
47.35
51.58
50.10
48.84
51.19
48.17
49.40
50.45
48.65
48.36
50.79
49.08
49.34
52.04
49.35
47.80
51.45
49.72
50.05
51.05
48.16
48.36
50.90
54.13
52.72
52.69
50.36
62.10
49.13
50.70
49.17
49.68
49.71
49.54
49.42
52.12
49.26
48.95
50.27
50.05
50.09
50.55
49.61
50.61
49.97
50.30
50.24
49.82
50.00
49.51
49.95
51.25
49.19
48.99
52.31
54.09
52.15
52.90
50.87
49.31
49.83
51.07
50.73
49.65
50.78
50.98
50.96
49.33
49.64
50.15
50.19
51.88
49.34
49.82
50.16
51.72
49.51
49.47
49.24
49.00
50.89
49.53
51.80
48.53
49.83
51.81
49.95
48.98
49.02
50.14
49.08
50.40
49.63
48.49
49.41
52.16
49.65
48.80
48.92
50.97
49.71
49.82
49.92
49.46
51.77
50.53
49.96
50.54
48.89
49.44
49.81
51.34
48.10
48.35
51.12
50.16
49.46
48.97
50.24
49.44
49.53
50.87
49.26
48.50
51.30
49.55
49.82
50.89
48.15
49.17
49.39
52.18
52.24
53.68
50.68
48.94
49.96
49.54
49.70
50.71
47.44
48.46
51.80
49.62
49.60
50.73
48.03
51.19
51.57
51.03
50.06
51.60
49.14
49.87
50.91
49.04
48.77
49.77
49.82
49.78
48.50
50.83
50.21
50.92
50.88
51.27
48.03
49.27
51.41
49.99
51.52
47.86
48.17
49.39
49.12
51.90
48.32
48.54
49.14
49.35
50.52
48.07
52.19
49.55
49.31
49.24
51.84
50.50
48.77
52.57
50.82
50.14
50.92
52.58
49.38
49.64
50.54
50.20
51.73
57.12
49.34
50.12
53.81
55.53
49.90
51.01
50.59
53.75
52.53
48.63
48.68
49.27
51.51
50.48
49.41
52.69
49.63
51.41
56.72
50.56
48.61
52.86
50.50
49.73
50.52
56.99
51.25
50.39
50.10
51.89
52.45
59.66
51.44
49.20
49.89
49.22
50.47
51.89
51.96
51.89
53.88
51.55
50.22
51.29
51.23
48.38
48.47
53.61
48.72
48.03
51.14
51.12
49.12
51.30
47.55
49.05
50.71
49.94
49.98
48.53
51.64
49.79
49.29
49.00
49.01
49.81
50.30
49.70
48.44
50.32
49.26
49.73
52.05
49.20
48.65
50.76
50.15
49.74
54.49
48.67
50.41
50.43
49.72
50.76
49.69
49.72
50.79
50.25
49.17
51.57
50.71
52.13
51.80
50.16
50.90
50.09
49.96
54.34
48.90
49.38
50.77
50.55
51.07
49.08
49.48
54.58
51.16
49.97
49.77
48.69
51.66
51.10
50.61
49.68
50.21
50.02
50.20
52.03
51.16
49.59
50.02
53.07
49.40
50.03
49.27
50.44
53.83
51.95
49.02
49.81
49.03
51.28
52.44
50.55
50.90
50.98
53.35
52.24
48.29
49.81
50.46
50.07
50.79
52.59
50.15
59.96
51.40
52.87
51.91
51.45
51.08
48.94
52.35
50.47
49.51
50.57
48.67
49.73
48.89
52.19
49.42
48.24
49.49
52.17
49.59
47.89
50.53
49.50
49.51
52.26
48.98
48.42
51.22
49.74
49.21
50.61
48.18
49.34
51.48
49.89
49.01
50.25
49.61
49.86
49.98
49.20
47.27
50.47
49.26
49.33
50.79
48.86
51.50
49.96
48.58
50.45
48.03
49.23
53.21
50.00
48.78
51.85
54.79
51.16
49.57
50.59
53.67
49.77
49.31
48.07
51.40
49.51
49.17
49.97
48.08
49.26
52.72
49.81
48.55
48.11
51.00
49.32
49.80
50.72
48.64
50.21
50.86
51.31
48.77
50.54
49.69
50.26
49.55
50.51
49.69
50.52
51.16
49.86
49.32
50.24
49.28
49.34
51.50
49.30
47.99
53.82
51.51
49.04
49.55
52.82
50.03
49.86
57.14
49.91
59.14
50.94
51.01
49.77
48.94
53.86
52.86
51.31
51.33
50.38
52.88
49.75
48.62
48.65
47.72
49.47
50.70
48.37
49.32
49.72
50.96
49.33
48.63
49.30
49.18
50.16
51.66
48.31
48.13
51.05
49.99
49.97
49.45
48.71
50.61
48.94
48.33
49.92
48.79
50.86
49.22
49.11
49.91
47.51
50.06
48.77
48.66
49.39
48.43
49.74
51.68
49.22
49.18
50.72
50.10
48.85
50.46
50.09
47.74
51.81
50.31
51.17
48.90
51.44
48.72
48.90
48.93
52.39
54.54
51.28
49.29
51.41
49.24
48.89
49.73
50.14
47.51
48.70
51.37
50.03
48.33
49.73
48.47
50.80
50.74
50.53
49.32
50.93
49.94
50.85
49.43
48.94
52.25
49.84
50.86
49.26
48.85
49.40
52.30
49.25
48.86
49.85
49.31
50.26
50.51
49.13
48.05
50.63
49.38
49.25
50.33
48.21
50.36
51.36
51.18
49.85
48.36
51.60
48.75
49.88
48.72
50.31
49.56
49.99
51.75
49.27
47.62
50.28
49.61
51.08
48.12
47.76
51.03
49.34
49.20
49.98
48.26
49.20
51.22
49.66
49.94
50.33
50.03
50.20
49.90
49.74
49.60
49.54
51.47
48.64
48.61
50.10
50.13
50.07
49.98
49.78
47.78
50.59
49.54
51.54
48.43
48.43
52.34
50.40
51.14
53.87
52.31
50.54
51.53
48.19
49.06
50.20
48.88
49.58
48.23
50.25
49.61
50.92
49.05
47.82
51.03
49.43
48.93
50.91
48.19
49.33
50.70
49.76
50.78
48.02
49.48
51.66
50.03
49.06
50.81
50.39
50.11
51.93
49.20
50.32
49.26
51.51
51.14
48.73
47.42
49.85
50.69
50.35
51.43
48.22
49.55
50.62
49.43
50.85
47.98
51.45
51.60
51.48
52.26
52.22
50.56
50.73
48.00
49.39
49.00
49.34
49.80
53.64
51.75
51.53
50.77
54.31
50.90
51.33
50.40
51.85
49.08
48.82
51.90
50.21
52.20
49.74
48.75
51.71
50.98
51.10
50.36
49.81
52.45
50.93
50.23
50.87
48.94
49.76
51.59
49.21
50.83
48.15
50.28
51.83
50.33
49.62
50.34
49.90
50.13
51.16
49.04
47.95
50.99
50.20
50.44
51.50
49.45
52.87
51.04
51.14
50.94
48.70
49.77
50.47
49.09
49.99
50.50
49.11
49.58
51.06
50.42
48.17
50.79
49.70
49.22
51.19
48.58
50.01
51.16
49.25
50.51
48.77
50.63
50.11
50.30
50.93
47.41
49.28
49.41
50.90
48.23
48.65
49.52
51.48
49.65
50.79
47.94
49.81
51.28
49.32
51.18
48.44
49.87
50.65
48.78
48.47
49.91
49.91
49.76
51.52
49.17
48.73
51.57
49.70
48.98
49.51
47.72
50.91
50.03
49.69
51.16
48.69
52.56
50.25
48.63
48.88
49.81
49.33
51.82
49.49
50.45
48.01
49.20
50.91
49.69
48.89
49.46
49.61
51.25
49.83
49.23
49.67
50.79
51.35
49.90
51.00
48.13
48.79
49.34
49.80
48.82
47.39
50.96
50.18
50.34
51.40
48.21
49.14
51.25
49.17
51.25
48.05
49.32
51.87
49.60
50.24
50.67
50.67
50.12
51.08
54.75
50.78
52.62
51.19
52.18
49.01
53.60
53.73
53.11
56.99
52.36
52.02
53.52
53.02
51.06
48.96
49.62
52.74
49.25
52.32
52.46
50.24
49.89
49.62
50.45
49.89
49.75
50.55
48.84
49.75
49.26
48.79
52.54
48.92
48.21
49.67
51.82
49.78
48.73
49.79
49.85
49.77
51.45
48.41
49.70
48.99
51.29
51.63
51.91
49.32
55.19
50.70
50.29
50.50
49.49
51.34
50.54
52.66
49.40
48.72
52.80
52.54
49.55
49.12
50.72
50.45
52.16
53.65
48.51
50.55
49.48
55.74
53.27
49.53
50.09
52.22
50.69
50.89
49.57
53.54
49.83
50.91
51.20
53.35
54.16
54.64
49.86
51.96
49.81
49.11
52.09
52.29
56.00
49.40
49.77
51.69
50.07
52.14
50.82
50.71
49.63
50.65
50.02
52.43
52.42
55.76
48.75
53.07
51.42
50.94
50.43
54.77
51.25
53.67
60.05
49.60
48.33
48.43
50.41
52.07
49.75
50.04
50.73
49.61
50.40
51.13
48.83
49.39
49.28
52.41
49.50
49.75
49.94
49.67
53.19
50.01
48.96
50.57
48.60
50.53
52.08
48.35
48.33
50.29
50.48
49.00
50.80
48.22
49.86
50.05
50.03
49.73
48.10
50.83
50.04
49.24
51.51
48.45
49.32
50.79
49.49
48.91
47.91
52.73
52.04
50.01
53.56
49.56
49.18
48.59
49.65
48.65
49.44
50.98
48.84
47.52
52.02
49.89
48.94
49.93
47.98
49.17
51.93
49.45
48.71
49.00
49.26
49.76
50.74
48.40
50.55
49.34
49.85
49.55
50.98
47.84
51.36
49.19
49.33
47.83
49.66
49.46
49.79
51.58
49.19
50.00
50.94
52.26
49.46
52.09
49.01
50.42
52.14
49.76
49.51
50.69
49.38
50.37
51.81
49.72
47.78
50.74
49.50
50.31
49.52
49.22
50.97
48.74
51.36
49.34
49.99
49.22
52.61
49.95
49.03
48.92
51.49
49.78
49.03
50.29
48.10
49.57
50.76
49.40
49.33
49.13
50.56
51.11
50.69
48.53
47.84
51.36
50.16
49.59
52.29
47.81
49.37
51.82
48.81
49.22
48.17
50.33
49.58
51.67
48.84
48.54
51.42
49.43
50.29
50.63
48.28
51.57
50.22
50.72
50.39
50.04
49.18
49.79
50.97
48.99
48.23
51.46
49.54
48.53
52.22
51.19
49.14
52.04
52.06
52.75
53.22
50.45
49.34
50.21
49.59
49.91
51.79
49.43
47.50
48.96
51.55
49.66
48.89
48.89
51.37
50.58
50.78
49.23
48.20
50.84
49.91
49.41
48.93
50.56
49.03
49.19
51.46
48.77
48.38
51.31
50.20
50.15
51.44
47.84
48.61
50.90
49.72
48.68
49.68
49.75
49.06
51.14
49.21
48.81
49.61
48.80
51.34
49.39
48.58
53.03
49.87
49.96
49.46
48.66
47.95
58.58
54.09
51.12
51.25
50.06
49.60
51.99
48.63
49.30
48.94
51.36
49.62
51.73
49.55
48.67
52.22
50.34
49.71
49.58
50.05
49.11
49.66
50.56
52.42
50.47
52.04
50.70
49.84
51.18
49.62
49.78
50.07
49.04
50.28
49.99
50.47
51.45
48.17
48.57
51.46
56.31
49.50
50.62
48.69
47.60
50.79
58.83
49.01
56.18
50.30
50.85
50.80
53.98
51.09
50.35
52.60
50.78
51.23
49.05
48.51
50.16
52.24
49.20
49.18
50.50
49.94
49.84
50.75
48.78
49.58
51.32
50.72
48.62
49.28
49.29
50.15
50.44
50.83
50.25
49.03
50.92
49.93
50.15
49.50
49.91
49.66
52.16
50.75
48.39
48.70
62.89
50.50
49.96
54.00
54.06
52.91
53.42
49.96
51.28
51.48
49.51
48.59
49.93
49.37
50.69
48.71
48.57
49.68
48.95
51.65
49.30
48.40
49.47
49.07
51.18
49.67
48.20
48.84
48.90
50.37
51.46
49.65
48.96
50.62
49.33
50.06
52.69
59.27
51.04
54.67
50.64
49.33
52.90
50.43
50.78
52.35
49.51
50.81
52.79
57.01
49.80
49.90
50.80
50.12
49.95
49.34
51.75
48.59
49.50
50.80
49.97
50.85
52.42
51.28
51.17
47.60
51.99
48.91
48.59
49.90
47.57
53.34
59.66
50.97
48.36
49.25
49.72
52.23
49.79
48.95
49.96
50.95
49.99
48.29
50.66
49.04
50.28
51.06
48.81
48.79
50.55
48.41
49.00
50.59
48.21
46.81
49.75
49.59
51.71
49.44
48.06
50.18
49.82
49.24
50.28
48.25
51.50
49.84
49.63
50.80
48.56
51.27
52.62
49.72
48.52
50.22
49.72
49.66
50.17
48.90
50.28
49.60
52.66
50.19
49.10
50.18
49.24
49.56
52.90
49.88
49.06
51.63
49.14
49.74
49.58
48.32
51.60
49.45
49.96
51.82
48.31
48.66
49.68
51.34
49.71
49.37
52.39
50.35
49.72
49.77
48.87
51.51
49.52
48.74
50.45
48.13
48.86
52.02
49.03
49.44
50.31
48.94
48.54
50.55
48.33
50.12
49.88
49.29
50.74
53.42
51.40
51.25
49.26
49.98
48.98
50.82
49.08
48.82
47.47
50.00
49.55
50.07
49.68
50.24
49.55
49.96
51.76
49.25
49.59
49.50
51.80
49.57
48.99
50.44
49.15
51.20
49.20
48.24
49.56
48.91
48.72
51.32
49.12
47.92
51.01
49.98
49.47
48.39
49.64
49.62
49.83
51.57
49.35
48.45
51.46
50.05
48.85
49.71
48.12
48.21
51.55
49.68
48.48
50.00
49.33
50.51
48.62
51.06
48.89
49.95
51.63
48.83
48.52
50.52
49.77
52.67
48.99
49.33
49.17
51.21
52.66
49.83
48.52
48.46
49.45
51.25
49.76
50.59
48.93
49.43
51.43
49.62
48.74
48.75
49.51
50.75
50.16
48.63
50.62
48.92
49.27
51.32
48.98
48.05
51.28
49.66
49.44
50.71
48.07
52.24
49.56
49.20
49.81
52.31
51.09
49.86
50.48
49.70
52.25
49.64
55.32
49.88
50.69
53.96
51.66
52.92
60.23
52.66
49.33
50.56
48.74
48.19
51.68
52.65
49.48
48.84
48.90
48.47
51.33
49.23
51.16
47.94
49.37
50.38
50.04
50.76
48.72
50.26
51.63
49.50
49.00
48.87
51.45
48.84
49.27
49.90
49.59
50.70
49.41
50.32
48.37
47.91
51.64
50.23
49.38
51.45
48.87
52.03
49.09
48.91
50.03
47.93
50.89
48.89
50.57
48.96
50.76
49.35
50.47
49.32
50.58
48.38
50.63
50.90
49.64
52.67
58.86
49.76
49.64
52.38
49.49
50.78
49.61
50.51
52.41
49.65
48.53
50.77
49.73
50.90
49.63
51.09
61.06
50.26
54.59
58.09
50.16
53.76
52.37
50.51
49.91
50.27
51.97
50.21
51.82
49.30
47.86
49.56
51.16
48.75
49.92
49.08
50.52
50.78
52.43
48.50
47.98
51.11
49.51
49.02
49.21
49.66
48.98
49.62
51.35
48.61
48.25
50.64
49.78
49.94
51.44
48.02
48.93
51.15
49.19
49.16
50.13
48.76
49.85
52.14
49.42
48.76
49.88
49.79
51.50
49.37
48.38
51.03
50.93
49.95
50.72
50.95
51.05
49.72
50.40
52.40
50.55
51.10
49.43
49.30
48.98
50.90
49.07
50.67
48.66
50.13
52.00
49.16
48.43
50.36
48.30
51.06
48.76
49.77
48.43
50.00
52.33
49.52
49.00
50.00
49.10
49.13
50.20
48.72
48.01
49.73
50.43
50.77
48.96
49.62
48.81
50.00
51.16
49.04
49.04
50.71
52.07
49.04
48.75
49.46
50.47
51.85
49.22
49.27
47.94
50.85
49.84
49.44
49.24
49.65
49.93
51.80
49.61
49.62
47.71
51.10
49.70
48.95
48.57
49.61
49.12
48.72
50.94
48.46
48.16
51.28
50.05
49.17
49.86
48.07
51.71
50.30
49.21
49.73
49.76
52.29
50.07
48.84
50.40
51.39
48.70
50.21
52.18
51.42
50.39
50.94
49.55
48.84
51.48
50.02
51.26
48.48
48.17
51.28
49.88
51.64
50.16
49.48
51.57
49.90
50.29
48.23
49.40
51.48
50.29
49.34
49.94
50.42
49.60
50.07
51.13
49.13
48.08
49.93
51.48
49.45
49.63
49.77
49.85
50.07
52.28
48.88
48.45
50.17
48.91
51.17
48.25
47.50
50.85
49.94
51.58
49.53
48.19
50.19
50.78
48.95
50.86
48.32
49.67
51.80
49.10
48.26
50.56
49.09
48.88
50.97
48.84
50.50
49.12
48.72
49.65
50.13
48.08
49.73
50.11
49.30
48.80
50.19
49.67
49.95
50.95
49.45
49.68
50.50
49.90
51.52
49.42
51.31
49.54
49.35
51.55
49.25
48.13
51.60
49.52
49.12
50.07
48.27
51.98
49.50
48.68
49.91
47.54
51.08
59.12
50.96
48.50
49.89
49.89
51.24
49.82
51.28
49.37
50.15
52.24
49.12
48.43
48.95
50.00
51.23
49.23
50.65
48.04
48.80
51.06
48.94
50.78
47.77
55.33
50.40
49.46
48.51
52.69
54.19
53.31
50.53
50.60
49.87
52.28
49.60
47.91
51.38
49.07
55.30
50.68
49.18
48.96
53.07
51.02
49.71
51.20
55.89
55.72
51.29
48.61
48.92
49.94
51.29
49.99
50.05
47.85
51.42
50.32
49.90
51.64
49.06
49.63
51.57
49.77
48.82
49.37
49.25
49.54
50.21
49.01
49.39
49.06
49.54
50.98
49.11
50.79
50.46
49.44
50.69
49.01
49.56
48.95
49.55
50.28
48.77
52.56
50.26
48.78
49.32
50.67
49.49
49.49
51.35
49.44
48.16
50.33
49.68
49.60
50.18
48.96
50.51
53.23
55.86
48.88
48.82
49.47
53.14
50.67
50.12
50.79
49.63
53.11
49.14
48.78
50.45
49.70
52.01
49.60
48.64
50.93
50.26
49.76
50.46
48.28
47.83
50.63
49.30
49.40
51.51
48.16
48.80
49.20
50.31
48.99
49.10
49.50
51.14
49.91
49.11
49.48
49.40
51.24
49.90
51.46
48.61
49.64
50.41
50.17
52.38
53.19
50.37
51.95
48.77
49.61
50.80
48.87
50.33
47.77
51.24
49.39
50.68
48.87
49.01
49.97
51.80
49.93
49.77
49.42
49.26
51.26
49.92
49.09
49.74
49.84
49.64
51.60
48.67
47.96
51.55
50.28
49.36
51.65
47.98
49.47
50.44
49.33
49.62
49.33
50.28
50.40
50.98
48.31
56.41
52.61
49.05
49.18
49.75
49.91
49.46
50.25
50.13
48.98
50.84
50.12
48.99
52.05
49.19
48.52
50.21
50.17
52.60
49.27
48.91
50.24
51.28
49.45
48.54
50.59
49.57
49.01
51.59
48.22
50.80
49.08
49.59
50.88
48.03
48.20
51.21
50.26
49.04
50.25
48.11
49.74
51.29
48.80
48.46
50.06
49.94
50.55
50.22
50.87
48.20
49.24
51.57
49.79
48.96
49.58
49.82
50.13
50.68
48.98
48.21
51.49
49.51
48.91
50.94
49.12
52.04
50.44
50.27
51.40
48.79
50.10
52.22
49.57
49.26
50.75
49.99
49.83
50.82
48.95
50.41
49.58
49.88
51.65
48.73
48.22
51.79
50.23
50.17
49.58
47.98
50.47
49.10
48.89
49.67
47.78
49.44
50.37
50.46
48.45
50.56
49.06
48.97
52.38
48.30
52.56
61.30
50.53
48.29
49.72
48.37
50.07
51.52
49.56
48.44
49.85
49.53
49.38
51.13
48.69
48.34
51.26
50.56
53.06
50.53
49.43
48.76
49.72
48.16
48.93
50.63
48.84
47.98
49.82
49.47
49.55
49.83
48.17
49.80
49.33
50.17
51.23
48.95
48.66
49.95
49.61
50.96
49.26
48.63
50.03
51.60
49.89
48.82
50.27
49.04
51.60
49.43
49.12
50.24
49.90
52.29
49.50
48.83
50.20
49.14
49.65
50.73
48.83
49.46
50.37
51.83
49.37
49.05
48.74
49.35
51.56
49.75
48.66
49.95
49.22
50.36
49.46
50.56
47.99
48.55
50.86
49.19
48.63
49.82
49.67
49.45
51.52
48.84
48.74
51.67
49.70
49.68
51.05
48.70
49.67
51.78
50.04
48.54
50.18
49.54
51.26
49.84
50.86
47.44
48.40
51.52
48.92
49.02
51.13
49.50
48.95
49.84
49.39
51.06
49.72
49.58
49.71
50.30
48.06
49.31
50.84
48.87
50.04
47.74
49.29
51.60
49.13
50.72
48.41
52.53
50.25
49.00
50.69
48.32
49.61
52.68
50.88
57.24
52.06
54.66
55.74
49.56
53.28
59.83
51.21
50.39
48.29
50.79
51.58
50.50
50.90
48.91
52.83
50.41
49.25
51.59
49.45
51.48
53.19
52.99
55.30
53.17
53.94
54.63
52.69
52.89
51.05
52.74
52.37
52.04
50.86
51.20
50.54
52.37
49.61
48.89
48.75
50.69
52.57
49.37
49.19
50.79
49.70
50.13
51.84
49.52
49.18
49.92
51.60
49.42
48.62
50.33
49.79
49.62
51.88
49.81
49.30
51.90
49.88
48.72
51.23
51.42
52.82
49.54
47.81
51.35
49.80
49.07
50.95
48.17
49.43
49.46
49.99
51.61
48.06
49.28
50.56
50.18
51.95
48.25
49.69
51.55
48.76
48.99
50.19
49.88
49.09
50.03
49.72
50.20
49.55
49.19
49.63
50.57
48.43
49.64
52.00
49.78
48.96
53.31
50.42
49.96
51.85
48.62
49.61
54.69
51.45
52.34
50.18
48.49
55.08
51.76
55.86
48.60
49.03
51.73
51.53
53.58
49.36
52.29
50.81
51.92
50.17
49.75
52.28
50.60
58.66
50.79
48.39
49.27
50.01
49.98
51.30
55.36
52.17
50.20
49.74
50.11
49.53
49.38
50.58
48.68
47.94
52.09
49.43
48.45
50.05
47.75
49.47
51.78
50.11
49.12
49.43
52.24
49.85
48.63
50.68
48.63
48.90
51.71
49.11
49.10
48.54
50.00
50.57
49.38
50.98
48.33
51.60
49.42
49.29
50.21
48.64
49.04
51.44
49.38
49.61
50.82
50.49
50.34
51.05
49.08
49.55
48.84
50.97
50.89
51.09
48.41
49.54
50.31
49.12
51.10
48.18
49.69
52.01
49.99
49.47
51.19
50.11
50.24
48.18
49.84
48.28
49.88
51.45
49.94
48.59
51.43
50.96
51.26
52.16
48.39
49.33
50.95
51.81
51.62
49.41
49.71
51.22
50.67
48.72
50.10
50.02
56.66
53.27
48.22
48.98
50.89
49.77
50.06
50.93
50.23
50.93
49.66
50.10
50.19
50.39
51.28
50.15
49.96
50.46
51.35
49.06
50.59
50.90
50.88
51.08
48.41
50.24
51.94
49.63
49.94
47.80
51.02
49.86
49.80
49.90
48.41
50.80
50.39
50.13
50.43
48.80
51.40
49.63
49.17
51.29
48.72
49.49
51.31
49.90
49.70
50.65
49.28
48.77
50.64
49.52
47.93
52.40
49.25
49.18
52.97
50.01
50.57
50.44
50.51
50.83
50.97
50.16
50.93
53.29
51.07
48.58
57.43
52.76
52.82
55.73
53.58
53.19
51.04
49.59
56.28
50.10
48.67
52.73
49.61
51.12
50.94
51.52
49.28
49.61
50.82
50.75
50.16
48.57
50.37
51.79
52.02
50.29
50.02
49.55
49.93
53.33
60.74
49.62
50.04
50.76
52.34
51.19
51.48
49.56
51.45
52.66
50.16
48.58
49.66
49.92
49.62
52.74
48.97
47.24
48.99
49.44
50.43
48.86
48.86
50.53
52.41
48.79
47.48
48.35
51.11
50.19
49.12
50.02
48.31
49.69
51.97
49.56
48.28
49.76
49.20
49.38
49.63
50.09
47.62
49.38
49.70
50.04
48.06
48.55
50.56
49.26
48.98
51.47
48.08
48.63
51.62
49.83
48.57
49.20
51.05
49.77
49.72
50.86
48.23
50.15
49.30
51.26
49.21
48.79
51.96
49.42
49.69
49.48
47.79
50.95
48.99
51.33
49.03
47.97
51.21
50.03
50.77
48.58
48.32
49.66
52.71
49.55
48.19
49.65
49.30
50.66
49.38
51.11
48.67
49.58
51.27
49.54
49.51
49.56
50.39
50.20
52.14
49.55
50.35
51.87
53.29
53.40
50.53
49.03
51.52
50.03
48.40
51.06
49.47
48.40
50.40
48.94
49.31
51.28
49.07
49.13
50.20
49.21
49.24
51.61
49.10
47.86
51.13
49.95
51.18
50.51
48.65
51.32
50.51
49.71
49.76
49.10
49.26
51.44
49.35
48.70
49.32
52.01
50.02
49.40
50.16
48.46
49.20
51.25
49.61
49.56
49.05
50.50
49.53
51.25
48.99
47.79
52.41
49.95
49.49
51.36
48.17
49.14
50.41
50.90
48.31
48.11
50.71
49.95
49.53
51.33
48.00
49.22
50.87
49.47
48.73
50.18
49.52
49.62
49.62
50.28
48.19
52.19
49.69
49.51
51.73
48.30
49.66
51.92
49.28
50.66
49.36
51.48
61.26
50.32
50.02
54.50
50.67
54.66
51.24
50.22
49.16
51.00
58.03
49.80
49.96
56.40
50.10
49.30
50.08
49.23
50.91
55.44
53.52
49.35
48.77
50.77
49.56
49.41
51.63
49.97
51.33
55.49
60.81
49.78
51.85
49.25
48.62
54.54
49.02
50.25
52.94
49.79
49.14
49.52
49.32
50.05
52.04
49.13
49.09
50.08
50.84
50.53
52.01
48.51
49.46
51.85
48.59
49.25
50.09
49.31
49.36
51.40
49.34
50.20
49.44
49.93
50.19
49.59
49.88
50.24
50.68
50.17
50.01
48.61
51.69
50.19
51.60
49.33
48.40
51.52
50.24
50.42
49.55
50.60
49.42
49.31
51.19
48.85
47.91
51.83
49.38
50.06
51.54
48.46
49.69
50.97
49.23
51.62
48.43
50.00
50.93
50.02
49.27
47.46
51.51
50.60
50.50
50.11
49.23
49.36
51.14
48.97
49.98
48.62
48.80
50.98
51.54
51.61
48.44
47.97
53.41
53.17
56.20
52.37
55.63
49.98
55.12
51.30
50.74
52.78
55.01
48.43
50.14
50.45
50.58
50.66
48.38
51.20
50.22
49.34
50.79
48.83
49.58
51.26
48.51
49.82
53.78
50.65
50.80
49.38
49.90
49.18
50.45
50.33
59.43
48.71
49.75
50.64
53.46
52.77
49.86
49.67
52.64
50.81
49.73
52.42
48.57
49.42
52.76
51.63
47.76
49.11
51.49
50.12
50.36
49.47
52.51
50.68
49.31
58.99
49.13
48.68
51.43
51.32
51.52
51.75
49.77
50.69
52.16
50.60
55.13
49.66
50.57
51.96
51.12
51.86
50.11
50.28
51.73
49.70
48.65
49.99
50.24
59.49
49.41
48.87
50.07
50.08
52.98
52.70
52.80
54.09
50.87
49.61
50.23
49.50
50.24
49.19
49.93
47.88
48.64
51.96
49.57
49.27
47.66
51.33
49.01
50.45
48.93
50.90
49.90
49.02
52.01
49.51
48.02
50.68
49.43
50.08
49.01
48.39
51.05
49.47
49.91
49.35
48.50
52.04
49.81
49.30
49.53
49.67
49.70
49.31
49.46
48.25
48.32
50.80
49.77
48.67
50.91
48.14
49.74
52.05
49.42
49.13
48.81
49.28
50.92
49.23
49.98
48.20
50.95
49.34
50.09
51.05
48.31
49.49
52.12
49.41
48.86
50.23
49.57
49.20
49.71
50.31
48.05
52.89
53.57
50.13
52.36
50.50
49.32
50.46
47.75
49.31
50.68
49.17
50.17
55.45
50.70
50.70
53.31
48.89
48.63
52.20
50.17
49.96
49.92
50.64
49.63
52.06
50.95
48.82
51.53
52.63
50.07
50.18
56.67
50.90
49.73
50.79
50.56
50.94
48.55
50.30
51.56
50.93
49.69
49.63
51.48
49.59
49.92
48.50
50.88
49.47
48.64
50.51
49.08
48.88
49.88
50.49
48.84
50.54
48.47
49.36
52.08
49.47
48.27
48.59
49.19
50.50
49.39
50.17
49.22
52.13
50.39
52.91
49.97
48.98
51.32
49.24
49.84
50.15
50.05
51.70
50.25
53.18
49.46
50.85
51.17
50.43
53.86
55.15
49.02
52.35
51.02
51.83
52.10
49.09
52.07
52.15
51.69
50.73
50.88
50.47
52.14
50.90
50.58
50.19
50.68
50.55
50.05
48.31
47.86
51.35
51.85
49.92
49.91
52.05
50.68
54.19
52.85
49.47
48.03
49.57
53.62
52.06
52.25
53.76
52.24
49.16
47.46
50.16
51.45
50.31
48.80
48.93
49.28
49.67
51.10
49.40
48.25
51.36
50.35
49.04
48.98
49.98
49.47
49.41
51.18
49.10
48.41
51.31
49.45
49.14
50.62
47.84
49.49
51.58
49.30
48.99
47.25
50.85
49.66
51.10
48.69
48.92
51.25
50.16
49.33
51.23
48.91
49.79
51.27
49.29
49.66
51.32
49.21
49.26
49.02
51.18
48.33
51.02
49.94
49.52
49.91
48.08
50.42
49.13
50.72
49.25
48.20
51.05
49.79
48.56
51.08
48.57
49.35
50.63
48.95
48.29
50.63
49.96
48.95
50.02
48.66
49.97
48.91
