76.44
78.15
77.35
76.85
76.62
76.16
77.41
79.33
78.55
79.19
76.44
78.75
79.10
78.11
78.07
76.71
79.83
80.68
77.85
77.07
75.20
77.48
78.59
78.21
77.71
76.49
77.55
77.70
76.27
75.00
74.57
77.26
77.51
78.07
78.29
75.65
78.42
76.51
79.48
76.51
75.27
78.24
78.43
78.21
79.80
75.91
77.51
78.09
76.83
76.92
78.18
77.89
79.12
78.79
77.03
76.96
77.67
78.34
77.30
77.07
76.33
78.49
78.74
77.92
77.45
74.64
76.96
78.46
77.58
76.44
74.52
76.56
76.27
76.48
75.89
79.18
78.68
77.45
76.59
77.37
76.96
76.87
76.97
76.74
75.40
75.53
82.46
78.56
77.01
76.20
75.43
77.68
79.77
76.33
75.59
75.12
83.07
78.33
77.19
76.29
75.57
78.17
78.40
78.17
76.24
74.53
81.34
78.33
77.34
75.80
73.60
76.46
80.61
75.99
75.76
74.74
76.87
78.22
82.27
76.38
75.32
77.61
77.58
77.95
77.50
80.95
78.29
79.29
78.24
77.74
77.70
76.99
77.87
78.07
76.51
76.51
78.61
78.23
77.19
77.79
76.81
79.51
78.49
76.33
79.15
76.23
78.79
78.82
77.53
77.15
75.78
79.39
79.54
78.95
75.90
75.71
77.95
77.11
76.50
75.20
75.88
80.10
78.06
76.05
74.44
74.36
81.37
78.84
78.81
77.68
76.64
77.62
77.23
76.81
76.94
74.46
77.22
79.36
78.05
76.94
75.51
76.55
79.37
77.58
76.94
76.51
80.09
79.89
79.90
74.60
73.67
77.43
79.45
78.10
76.36
75.28
78.21
77.64
79.18
76.47
76.45
78.24
78.28
80.88
77.31
75.76
77.13
79.61
79.25
77.44
76.04
79.38
79.28
78.86
75.88
74.36
79.61
78.15
77.07
74.98
75.04
78.19
78.12
76.78
74.75
75.75
78.00
79.20
78.63
80.75
75.48
78.59
78.34
77.50
75.34
74.49
78.57
77.59
77.88
76.08
74.20
77.95
77.93
77.35
75.97
74.14
81.12
77.85
79.11
76.13
75.90
78.42
76.32
77.12
75.86
74.37
77.69
77.83
78.29
77.39
75.80
79.44
79.39
76.52
76.17
76.13
78.47
78.85
77.36
76.34
75.72
76.70
76.32
76.05
74.81
75.02
77.20
76.91
77.08
76.65
73.94
74.52
74.54
76.61
74.91
75.98
77.11
77.17
76.14
74.62
75.49
77.22
79.17
76.12
77.22
75.41
78.43
79.03
79.19
78.74
75.46
77.06
78.57
76.33
76.11
76.71
79.75
80.54
79.86
76.76
75.08
76.37
76.90
75.36
75.44
77.46
79.41
79.24
77.11
76.58
74.87
76.46
78.07
78.54
76.45
75.43
79.00
80.05
79.69
77.05
76.65
77.71
78.33
75.79
75.81
75.73
80.37
80.94
78.27
77.18
76.81
78.27
79.65
77.72
75.80
75.92
78.57
79.69
76.83
75.39
75.07
78.07
77.12
77.72
77.89
76.65
79.43
78.25
77.26
75.27
75.62
77.96
78.84
77.81
75.41
76.75
78.98
79.97
79.10
76.88
74.70
78.82
77.94
77.69
77.79
75.66
78.34
80.50
78.59
77.38
75.30
79.52
78.40
77.32
75.53
76.49
80.07
80.66
80.08
77.24
76.06
79.49
74.37
75.85
76.97
77.08
82.20
82.61
79.63
78.81
85.54
81.40
82.03
81.92
80.46
79.04
80.47
79.97
79.10
77.39
74.99
77.09
78.22
75.94
76.53
76.38
78.24
78.47
78.68
77.76
76.79
78.29
77.64
77.22
74.71
74.36
76.53
76.25
78.69
76.77
75.80
79.30
79.41
79.49
76.18
75.56
73.94
76.28
77.33
77.74
77.52
79.78
81.89
81.02
80.03
84.22
79.68
81.76
81.22
79.32
77.40
78.09
78.85
79.43
78.08
75.09
78.45
78.08
76.75
75.11
76.92
79.56
78.46
76.43
76.99
75.06
78.02
79.77
78.94
77.83
76.71
80.11
80.38
78.11
77.60
76.92
80.59
79.31
79.98
76.86
75.81
78.84
77.62
77.66
75.66
74.05
75.74
71.92
73.05
76.04
76.06
82.02
81.77
80.08
78.07
77.72
80.66
79.30
78.06
78.35
81.33
80.49
82.84
81.85
78.01
77.49
78.73
78.22
78.90
78.78
78.72
79.08
78.89
78.88
76.23
74.36
77.33
79.73
79.68
77.06
77.09
79.50
77.99
77.94
77.33
73.77
77.63
80.50
80.43
80.46
79.24
80.33
81.92
79.43
79.76
83.44
81.45
81.75
80.68
78.45
75.91
77.54
77.64
77.06
78.12
76.82
78.64
78.08
78.15
75.05
74.17
79.25
79.82
76.44
76.11
75.34
77.88
77.77
76.57
76.90
71.68
74.84
78.55
77.93
77.80
76.54
79.32
79.26
75.99
74.96
75.39
79.14
79.36
77.93
77.89
76.23
79.30
78.39
79.89
83.48
77.60
79.78
81.10
80.08
78.88
76.31
77.74
79.42
78.19
76.33
75.08
78.20
76.96
76.33
73.85
74.64
77.39
76.81
75.78
75.34
76.40
74.85
77.50
77.41
77.98
79.30
81.01
81.26
80.56
77.36
76.92
80.80
81.95
85.41
79.33
76.93
80.72
81.69
79.76
78.47
77.87
77.32
78.17
77.95
76.95
76.05
77.95
78.83
76.39
77.47
75.15
78.12
79.29
77.02
78.21
78.50
80.35
77.53
73.01
73.14
75.00
79.57
80.57
81.96
79.10
78.34
79.93
81.35
80.45
80.02
78.16
80.44
85.71
80.59
78.73
79.44
80.78
81.05
77.69
77.80
76.48
76.21
77.03
77.85
78.30
77.59
79.49
78.30
77.16
75.41
74.29
73.88
76.32
77.69
78.76
81.89
80.50
79.12
77.89
76.83
76.95
78.69
78.24
76.77
77.06
78.94
79.32
78.61
78.20
77.09
76.50
84.95
82.72
82.08
79.84
81.79
80.42
78.10
76.88
77.35
78.83
78.62
78.73
76.47
76.14
79.45
80.44
78.90
77.92
76.48
79.82
78.56
77.00
71.08
72.68
75.85
80.54
79.60
78.29
77.54
79.17
78.36
81.41
78.64
75.63
75.78
77.79
78.62
76.26
77.13
80.02
79.42
77.82
77.27
77.14
79.20
80.67
78.08
77.35
77.36
78.99
79.38
78.96
77.75
74.86
79.57
79.28
78.10
76.74
77.39
79.01
78.00
80.27
78.09
74.20
78.78
78.58
77.63
76.91
75.71
79.63
79.93
78.43
75.50
75.58
78.71
77.40
75.23
75.15
73.53
78.06
78.75
78.74
77.30
76.48
77.79
78.55
76.80
76.82
76.55
79.81
79.56
79.68
77.75
77.11
80.14
79.02
77.76
77.07
76.36
81.49
78.94
78.16
76.78
77.55
78.65
80.12
78.44
77.65
75.95
77.50
80.80
81.73
80.63
77.05
78.48
79.18
78.87
78.95
77.16
80.04
80.13
78.36
78.75
76.73
79.28
80.60
77.83
77.45
77.39
78.88
78.97
78.13
78.53
78.26
78.61
80.09
78.51
82.12
79.08
82.64
81.44
80.11
79.56
76.72
79.16
75.83
76.91
77.63
76.50
78.62
78.59
78.26
77.24
75.52
78.45
78.56
73.71
74.04
74.12
78.71
80.89
80.77
79.42
79.40
79.94
80.54
79.03
78.42
78.50
79.38
80.45
80.39
76.32
75.94
78.42
79.14
77.55
81.94
78.88
82.12
83.40
80.88
79.14
75.63
78.87
77.88
78.45
77.22
75.84
78.43
79.97
79.25
77.14
75.49
78.62
74.12
75.36
76.67
77.80
79.64
80.61
78.78
78.29
77.56
80.18
79.25
77.36
76.21
76.42
79.82
79.82
78.67
77.60
76.51
78.40
80.01
78.42
75.77
76.65
80.32
78.49
78.84
78.85
77.31
77.64
78.11
78.71
77.33
75.27
79.20
78.89
78.94
77.13
76.29
78.91
78.87
79.12
78.58
82.89
81.18
83.31
82.85
81.02
78.35
82.67
80.11
78.01
76.95
77.29
78.11
77.34
76.53
75.75
75.80
78.51
80.27
78.94
73.51
73.49
76.58
82.02
83.18
82.21
79.54
81.53
81.26
80.90
80.48
77.70
79.78
80.18
79.16
78.50
76.92
80.82
80.78
79.76
78.11
76.67
79.03
79.14
78.69
76.81
77.18
78.79
80.20
79.30
77.75
76.54
79.18
78.41
78.89
78.05
78.10
79.53
79.66
79.81
78.42
77.72
78.62
79.52
78.38
77.69
76.01
78.32
77.91
78.21
79.70
80.74
86.17
82.99
83.10
80.75
80.41
78.83
80.01
79.40
79.61
77.01
79.07
79.03
77.27
76.28
74.27
76.54
76.80
77.09
76.61
72.68
76.19
78.36
78.98
78.24
77.08
79.20
80.53
79.09
78.00
77.92
78.74
78.81
78.13
76.00
77.88
80.09
79.30
78.24
76.60
74.95
78.77
79.77
78.85
77.57
77.56
77.35
78.76
78.44
78.76
76.20
80.28
78.52
78.54
76.91
75.13
78.92
79.92
80.03
77.71
77.84
78.11
78.14
78.31
76.44
76.21
78.58
77.34
78.34
76.95
76.39
77.67
76.51
77.37
74.94
74.87
76.71
77.46
78.28
79.17
77.90
78.74
78.96
78.06
76.56
76.47
78.01
78.98
77.21
79.25
79.59
82.09
81.75
81.18
78.88
76.66
78.62
80.08
79.37
77.71
77.76
79.68
80.71
79.17
77.26
76.55
79.05
80.13
78.84
77.23
76.34
78.26
79.81
79.57
77.84
78.68
79.59
80.25
79.85
76.94
77.22
79.88
79.36
80.11
79.09
77.76
79.30
79.63
78.56
77.62
77.27
79.24
78.45
77.91
77.80
83.95
83.39
83.10
81.91
79.55
79.45
81.08
80.33
78.31
77.54
76.35
79.29
78.92
77.46
76.38
75.24
78.58
77.23
76.46
77.52
75.56
73.96
76.69
77.55
79.56
78.37
81.95
80.18
77.78
76.46
77.04
77.99
79.28
79.40
82.33
78.74
80.00
80.20
80.19
79.15
77.57
79.10
79.46
78.50
75.42
75.55
79.46
79.59
79.35
77.40
76.80
76.78
75.11
73.98
72.13
75.26
78.01
79.10
78.33
81.39
80.29
78.87
78.74
77.68
79.08
78.23
80.87
79.32
79.54
79.40
79.69
76.05
82.49
78.02
81.34
82.82
80.67
77.61
77.99
79.72
79.97
77.92
76.66
74.78
80.09
81.05
80.47
76.96
76.17
73.37
77.50
77.87
78.26
78.51
78.57
78.24
77.92
75.79
77.55
80.46
80.13
78.30
77.14
76.69
78.26
78.35
77.19
77.48
77.59
79.71
82.04
78.82
77.03
75.69
78.83
79.87
78.50
76.39
81.98
80.81
82.35
81.41
81.33
78.97
79.68
79.45
78.45
76.72
76.75
78.36
78.42
80.44
78.61
76.47
73.82
76.51
78.12
77.26
77.54
80.58
80.30
78.22
77.54
76.65
79.79
79.32
78.80
79.13
79.08
87.19
81.71
82.39
80.94
77.40
79.07
78.10
78.50
78.08
76.60
79.35
80.09
79.36
77.27
76.23
78.22
78.25
72.88
72.94
72.02
77.32
80.85
80.33
79.93
77.89
79.72
79.04
78.55
77.98
77.33
79.45
82.40
80.47
77.20
74.78
78.54
79.56
79.73
80.10
76.81
79.81
79.41
76.12
75.46
75.55
78.39
80.19
78.88
78.56
76.06
78.90
79.28
80.01
77.92
78.63
81.49
80.00
79.51
79.01
77.35
79.70
80.69
79.53
78.85
76.44
80.82
81.43
79.25
79.13
78.19
80.20
78.81
78.16
78.13
77.76
76.60
79.67
79.55
79.09
76.03
80.08
78.70
77.77
77.43
76.80
77.08
77.17
76.33
75.73
76.01
78.32
78.19
77.39
77.68
77.41
78.98
78.30
77.12
77.94
76.26
78.87
80.17
78.99
77.28
76.34
79.41
78.86
79.19
76.56
77.07
80.20
78.79
77.50
76.78
77.71
78.34
80.18
78.55
76.38
76.26
78.49
78.00
78.23
77.59
77.10
78.89
79.54
77.44
78.20
75.71
78.06
77.08
76.03
75.93
75.56
79.01
78.46
77.89
78.09
77.27
78.88
80.01
78.18
75.77
75.49
78.16
80.38
80.41
76.70
76.60
79.09
80.22
79.15
78.16
76.00
77.99
81.57
83.89
79.49
79.63
81.50
83.67
81.31
77.67
76.96
77.84
77.88
76.11
75.67
73.74
77.83
80.00
79.00
76.68
77.85
77.77
79.86
79.50
77.45
76.78
78.62
78.29
74.36
75.26
76.46
79.19
80.07
79.06
76.90
78.48
80.45
79.78
79.71
78.79
80.83
80.27
80.34
79.77
78.51
78.02
79.66
77.27
78.38
77.49
75.89
79.72
78.18
76.19
76.49
75.51
78.37
78.75
78.36
73.97
74.88
77.38
80.69
80.23
79.97
77.16
79.76
78.89
77.63
76.74
75.69
78.83
79.27
77.15
77.90
75.74
77.70
80.01
86.01
80.42
79.99
82.86
80.60
79.01
76.88
76.81
77.77
78.01
77.37
74.61
76.83
78.00
77.78
76.61
74.85
74.75
78.69
78.54
77.88
77.62
77.51
78.23
78.28
75.79
76.30
76.15
79.13
80.19
77.88
72.05
74.92
77.79
80.09
79.44
80.11
78.21
80.44
81.48
80.19
78.62
77.89
85.19
81.51
81.96
80.84
79.22
80.83
81.18
80.21
78.09
77.82
78.74
80.04
78.08
76.88
73.80
78.09
79.00
78.03
77.46
77.60
79.58
79.55
77.09
76.15
76.56
77.30
73.80
75.81
77.25
78.21
82.13
81.12
80.15
77.33
78.00
80.38
79.98
77.94
84.92
78.77
80.76
80.81
79.56
78.50
76.75
78.26
78.63
77.73
76.83
77.11
78.99
78.40
77.03
76.88
75.54
78.24
77.90
76.75
79.13
78.77
79.01
78.82
77.73
73.62
75.22
79.24
80.54
80.24
77.28
73.86
77.78
80.16
80.98
81.42
80.10
80.73
81.57
79.39
80.14
77.56
85.27
81.14
80.93
78.61
76.40
80.55
78.24
78.15
76.11
75.41
79.68
79.16
78.15
76.58
75.05
77.33
78.29
76.58
74.59
75.40
79.12
79.47
78.30
78.11
76.89
79.65
75.62
74.89
74.63
78.14
82.22
80.84
80.48
77.21
75.61
80.13
79.12
78.41
77.25
83.50
81.65
82.18
80.93
79.25
78.41
80.21
77.96
78.29
78.78
76.27
78.65
80.02
77.70
77.18
76.30
78.26
79.65
78.93
76.51
76.29
77.84
78.11
77.04
77.25
75.03
76.12
78.00
78.02
71.89
73.69
79.95
80.54
80.19
79.26
79.07
80.87
81.30
79.37
77.48
75.12
79.40
84.23
80.28
80.49
79.46
80.05
81.48
77.97
76.44
75.39
77.99
78.90
77.02
77.48
77.16
77.79
78.31
79.00
77.03
76.09
78.07
78.38
76.91
77.91
76.66
78.30
76.86
77.98
73.03
74.78
77.98
80.54
81.07
79.72
78.26
79.06
79.67
77.98
77.17
82.28
81.08
81.95
81.47
78.82
77.58
79.80
78.94
77.57
76.63
76.67
79.08
78.32
77.20
76.11
77.04
78.19
78.66
78.41
78.07
76.97
77.80
78.46
75.07
74.73
76.17
79.63
82.24
80.71
80.50
78.23
79.60
80.55
80.21
78.46
77.29
79.57
80.22
84.65
80.58
80.27
81.74
81.26
78.59
76.83
78.12
78.45
79.04
77.20
75.77
76.67
78.53
78.46
79.24
77.30
73.89
75.76
76.42
79.55
78.03
76.34
79.37
78.60
78.16
77.16
75.72
79.98
79.42
76.78
76.18
75.43
79.14
78.81
77.78
76.25
76.65
78.00
78.91
77.74
78.42
75.99
74.30
77.20
77.53
77.79
78.10
81.73
80.79
79.68
79.65
82.21
78.23
80.69
80.10
79.85
78.50
79.36
79.74
78.28
77.74
76.51
79.18
79.72
77.90
77.13
77.22
79.43
77.12
76.95
75.11
75.82
80.54
81.21
77.84
76.89
74.47
79.19
78.46
78.66
78.01
78.23
78.30
78.51
78.52
78.05
75.02
77.96
78.42
79.38
77.21
76.63
79.79
77.47
77.37
76.26
70.34
75.00
77.43
77.22
78.40
77.79
79.68
81.93
79.85
77.83
77.36
79.67
83.67
80.87
80.22
79.32
80.08
81.02
77.84
77.82
76.78
77.67
77.30
76.50
74.94
74.82
77.08
78.71
78.31
76.98
76.25
78.70
79.71
78.89
76.12
76.79
79.81
78.08
78.66
77.13
76.33
79.05
78.63
74.41
73.87
75.75
80.45
82.78
82.20
80.60
79.30
80.21
81.17
86.30
78.42
77.86
80.30
81.97
79.22
78.17
77.26
79.35
79.83
77.58
75.84
74.98
77.34
80.49
77.22
76.20
76.79
78.66
78.89
77.35
76.36
74.81
79.08
81.28
79.15
77.58
78.04
78.38
79.16
78.65
77.31
74.63
78.15
78.16
78.45
71.98
73.78
79.19
79.52
78.87
78.67
77.34
81.30
85.39
79.48
81.43
79.28
81.39
78.96
80.24
79.56
77.59
80.69
79.22
78.37
76.87
75.89
79.70
79.24
78.27
77.71
76.49
79.51
79.37
80.03
77.74
75.75
78.39
78.26
77.31
75.58
76.10
79.00
79.13
78.83
79.32
76.61
78.48
80.35
78.51
76.93
76.52
75.98
75.56
73.93
76.21
77.19
79.72
81.94
80.95
79.37
78.25
79.86
78.58
79.56
83.28
78.96
80.46
81.69
80.13
78.65
77.39
78.89
79.39
79.25
77.95
77.19
77.73
78.51
77.14
77.61
76.00
78.87
80.22
78.72
76.68
75.76
76.86
77.82
77.03
72.73
74.84
76.90
78.95
80.74
80.66
78.65
80.02
79.92
79.13
77.53
75.37
79.59
79.46
78.38
75.78
77.28
78.66
79.27
78.01
76.52
76.24
79.30
78.38
78.29
76.30
76.13
86.21
82.90
82.50
78.84
78.62
80.07
80.86
80.34
80.18
78.55
79.50
78.77
76.71
77.35
76.62
79.60
80.26
78.68
78.92
76.59
79.83
78.32
78.60
78.06
72.82
76.29
77.37
79.38
77.41
77.70
80.72
80.55
78.61
77.23
78.81
79.86
80.21
85.16
79.37
79.26
81.97
80.41
78.80
78.02
76.38
78.48
79.81
78.36
77.08
77.03
78.12
80.50
79.42
75.26
74.54
77.04
78.88
77.83
78.24
76.81
79.12
78.77
77.48
72.94
73.52
76.57
79.86
80.98
80.16
79.79
80.66
80.66
78.73
77.17
78.64
84.26
81.06
80.94
80.95
77.17
80.30
79.53
77.22
76.56
75.51
77.84
78.26
78.35
77.26
76.42
78.24
79.16
76.94
76.36
75.55
78.38
79.52
77.59
76.30
76.22
77.85
74.73
74.46
76.48
77.92
80.84
81.57
79.32
76.83
75.99
78.75
78.06
78.77
78.83
83.01
79.99
82.78
81.56
78.38
77.81
79.50
80.32
79.50
75.85
75.32
76.70
78.94
78.99
75.41
75.54
78.34
78.56
79.01
79.24
71.66
75.44
78.03
79.35
79.29
78.82
83.51
83.78
82.01
78.68
81.01
77.35
79.32
79.36
78.44
76.93
80.51
80.93
78.12
77.25
76.24
78.42
78.37
76.97
75.05
77.06
78.23
79.72
79.39
78.56
75.17
77.93
77.56
77.94
78.57
72.60
77.08
79.28
80.60
78.33
79.52
81.28
81.82
80.09
76.72
78.59
80.32
80.63
81.85
84.31
79.13
83.03
83.48
81.55
78.15
77.01
78.53
79.39
77.76
77.23
76.26
77.84
77.08
77.43
77.57
77.12
78.90
78.96
77.62
77.22
72.69
76.71
78.15
80.00
80.64
79.39
80.60
81.80
79.41
76.73
76.48
76.46
77.96
79.08
83.83
80.46
82.78
83.05
80.52
79.50
78.08
79.78
80.50
77.70
77.78
77.35
78.05
79.03
77.68
76.90
75.15
77.20
77.95
78.09
76.93
75.15
71.27
74.81
76.53
78.16
82.06
81.99
80.15
78.78
78.27
76.79
78.44
83.96
78.49
78.70
80.78
79.94
77.31
76.86
74.49
77.25
79.88
78.74
77.92
77.87
78.95
78.59
75.97
77.24
77.15
78.37
79.65
79.05
79.10
76.63
80.63
73.63
73.41
76.47
76.85
80.58
83.14
80.38
80.59
77.91
79.02
80.37
79.19
78.22
84.29
81.00
82.16
82.70
80.95
77.50
79.10
78.72
78.64
76.98
76.35
78.29
78.08
77.57
75.81
75.00
77.97
79.41
77.85
75.85
71.68
75.37
77.49
77.76
79.18
78.16
80.00
79.49
77.66
77.29
75.34
77.85
79.20
84.44
79.07
79.39
81.91
81.04
78.87
77.27
77.98
78.40
78.42
77.82
76.51
74.74
79.48
78.21
77.95
77.12
76.31
78.48
79.01
77.44
76.41
71.89
75.67
77.85
79.42
78.48
77.85
78.95
80.57
79.90
82.01
75.36
77.96
80.24
80.43
77.48
77.08
78.62
78.36
77.25
74.13
75.23
76.21
78.62
77.82
78.02
76.55
79.74
77.98
78.23
78.27
75.23
77.84
78.62
77.37
76.29
74.54
73.88
76.49
76.44
77.19
77.86
81.15
81.05
77.66
76.09
77.56
80.89
81.11
84.66
79.75
80.59
83.24
82.27
79.87
79.89
78.58
79.08
79.25
78.63
75.67
75.29
77.67
78.85
78.47
76.27
76.70
78.98
78.97
78.13
76.81
72.07
76.96
78.65
81.43
80.74
79.66
81.58
80.30
80.74
77.65
77.02
79.75
85.18
80.66
79.19
79.43
81.47
81.87
78.37
77.44
76.54
77.34
79.29
78.13
76.37
76.68
77.21
78.64
78.96
76.77
74.12
77.37
76.74
76.32
75.19
77.05
74.81
76.27
76.79
79.08
79.59
80.67
79.82
79.17
77.64
75.90
79.40
80.70
79.79
79.03
78.16
81.38
82.20
80.07
77.85
77.69
81.51
85.61
82.46
80.63
81.11
82.34
82.01
78.81
74.75
74.04
75.74
77.83
78.22
77.05
76.01
77.80
76.50
74.50
75.33
75.55
77.73
78.26
77.97
77.35
76.36
79.58
78.49
77.49
72.88
73.76
77.61
81.23
79.40
78.09
77.76
79.95
78.85
77.76
75.96
76.18
80.62
80.46
78.94
78.75
75.35
79.14
85.77
82.57
81.33
81.40
81.61
81.53
79.77
79.73
77.08
78.45
79.19
79.32
79.52
79.11
80.50
80.66
78.54
77.01
75.75
78.19
80.05
78.71
76.17
76.98
78.35
77.84
74.28
73.09
74.48
79.89
82.31
81.50
80.25
77.76
81.37
82.26
78.33
76.72
75.79
78.95
79.50
84.46
79.13
80.24
83.46
80.70
79.86
78.16
77.06
78.75
80.09
79.45
77.29
74.84
77.44
79.84
79.73
77.39
75.85
78.03
78.19
77.50
77.20
74.93
78.90
78.18
76.12
75.85
75.31
77.67
76.78
75.35
71.47
73.23
77.34
81.00
81.22
81.50
78.31
80.30
82.32
79.84
77.59
77.19
84.76
80.38
81.13
81.75
79.51
80.47
80.01
78.25
77.64
76.63
78.89
80.17
77.59
78.03
76.42
77.73
78.37
77.30
75.84
76.64
77.60
79.40
79.53
77.08
77.89
79.24
79.39
76.53
75.32
71.75
77.07
78.82
77.89
78.77
78.13
80.49
81.57
80.50
78.78
84.21
81.35
82.26
80.85
78.66
77.28
79.71
78.53
78.86
76.48
76.87
79.77
78.88
77.96
75.96
77.28
79.29
79.17
78.01
76.46
74.54
77.35
77.37
76.52
77.22
76.75
79.25
73.96
74.07
75.61
76.74
80.46
79.88
79.94
80.00
78.73
80.71
85.43
79.53
78.42
77.97
80.77
79.45
79.20
77.15
76.96
77.02
77.53
76.39
76.75
76.24
78.54
78.23
77.75
75.73
75.62
79.37
78.26
77.36
76.77
76.91
78.98
79.37
73.52
72.72
75.27
78.71
82.42
82.85
80.51
79.17
80.99
81.41
81.32
86.24
80.07
80.20
82.57
81.65
80.17
77.19
80.39
80.14
80.43
78.54
76.82
78.54
78.55
77.62
75.75
75.72
78.37
78.61
79.77
75.75
77.00
79.50
80.16
78.47
77.56
76.19
78.66
80.26
80.12
78.41
77.49
79.85
74.84
75.17
76.53
78.11
81.16
80.76
81.59
79.24
77.58
80.07
83.80
78.97
78.78
79.24
80.99
80.90
79.30
79.89
77.66
79.55
79.57
79.12
78.07
76.85
78.28
78.59
77.65
77.35
77.04
79.49
79.55
78.19
76.85
75.23
77.24
76.08
75.32
76.69
77.38
78.72
78.48
78.42
73.12
73.55
79.31
80.87
80.96
79.23
77.33
80.70
80.51
79.90
78.23
78.56
85.31
82.58
82.16
81.36
76.69
76.81
79.20
77.74
78.59
77.32
80.20
79.07
77.88
78.06
75.66
78.21
78.77
77.96
75.91
76.78
77.66
78.89
77.83
75.97
76.12
78.01
78.91
77.76
72.72
74.04
76.75
79.89
80.89
81.16
78.28
80.15
82.12
80.69
82.64
78.22
80.89
83.03
80.23
79.71
79.20
79.17
78.45
77.99
78.84
77.41
79.28
77.80
75.94
76.49
75.08
76.77
78.98
78.35
77.89
76.94
79.80
78.74
78.74
77.93
76.20
73.93
75.94
78.38
80.67
79.52
80.34
79.87
79.84
77.81
76.94
79.26
79.84
84.28
79.63
78.20
80.72
82.23
81.29
77.91
76.34
78.61
79.50
77.60
77.76
76.32
77.82
76.11
77.18
76.52
74.08
76.87
78.62
78.73
76.15
76.10
79.21
79.27
77.83
77.22
76.68
78.66
77.81
76.35
77.11
77.23
77.99
74.24
75.29
76.41
76.60
80.64
81.62
79.74
79.87
82.73
78.96
81.69
79.83
79.35
77.59
79.36
80.34
77.87
75.90
76.33
76.65
77.84
79.17
77.99
76.15
78.09
78.06
76.83
76.07
75.79
76.93
76.86
76.53
76.93
74.41
76.42
77.01
76.41
71.42
71.51
76.70
78.54
80.66
81.54
78.04
80.70
80.29
79.44
79.01
82.74
80.78
79.76
79.56
79.57
78.48
79.17
79.18
77.23
75.57
76.62
78.40
77.61
78.14
76.66
75.48
77.36
76.81
77.96
76.15
75.35
78.25
79.19
80.03
76.89
76.15
79.03
79.53
78.79
77.92
76.42
80.51
73.91
74.62
76.17
78.53
82.52
82.61
80.94
78.10
77.29
84.51
77.97
76.59
77.60
77.29
80.80
79.95
77.77
77.08
77.27
79.24
79.86
77.83
76.85
76.30
79.62
80.22
78.95
77.90
79.12
79.22
81.22
80.56
79.54
76.27
78.41
78.97
78.13
76.40
75.40
77.28
73.63
75.33
77.69
79.73
82.64
82.03
79.92
77.52
78.37
84.42
80.68
80.33
80.23
78.75
80.24
80.93
78.88
77.16
75.26
77.64
77.93
78.35
75.53
74.92
77.56
77.89
77.66
78.09
77.75
79.23
78.11
77.61
77.57
77.73
78.93
78.58
76.71
75.48
76.23
79.06
77.57
77.35
71.73
73.81
77.64
79.84
81.17
79.86
78.70
80.84
83.62
79.76
79.24
84.47
81.45
82.02
80.01
79.51
78.90
80.91
79.63
79.09
76.37
74.78
78.72
78.38
76.50
75.65
76.12
79.95
80.25
78.93
76.18
74.68
78.86
79.76
76.40
75.75
