77.00
75.92
78.20
77.07
77.00
76.32
75.08
77.22
78.51
75.84
75.21
73.08
76.37
77.35
75.92
75.29
76.31
76.37
78.15
77.72
76.13
74.26
75.85
76.05
77.42
75.13
74.47
77.25
76.73
76.47
75.57
73.70
76.12
77.13
77.70
75.05
73.58
76.86
76.98
77.73
74.92
75.89
76.95
76.81
77.65
75.39
74.82
76.50
78.53
78.38
76.15
74.93
75.79
75.14
75.20
74.92
74.90
76.97
75.17
75.34
74.07
76.31
77.87
76.64
73.87
72.67
72.84
74.71
76.56
76.93
74.13
74.01
75.83
76.30
75.84
74.29
74.09
75.61
76.32
76.20
74.63
74.48
77.10
76.61
75.43
72.56
71.81
75.52
77.73
75.10
74.80
73.81
74.56
76.31
77.42
76.79
73.82
77.11
76.46
75.41
74.78
74.90
77.21
77.63
75.69
75.64
73.46
76.45
79.00
77.08
74.53
74.22
77.03
76.80
74.07
74.83
74.42
77.24
76.39
76.38
75.49
75.91
80.81
80.08
77.70
75.68
74.85
75.48
78.01
76.22
73.77
73.76
75.31
76.99
75.95
74.44
72.80
74.94
76.30
77.06
75.77
75.73
78.41
78.62
76.37
76.21
74.54
76.59
76.76
76.54
75.20
74.71
75.27
76.75
77.12
76.80
75.93
77.31
75.88
76.95
74.68
73.29
76.53
75.83
75.50
74.65
74.49
76.18
76.58
75.39
73.13
74.41
76.29
76.42
74.89
72.24
72.21
75.87
76.39
75.80
73.53
75.17
77.48
77.70
77.02
75.14
74.73
76.98
77.33
75.97
75.30
74.40
75.70
77.16
75.38
74.27
73.46
76.99
77.30
74.56
72.95
72.20
77.05
75.30
75.44
75.31
76.16
78.15
77.62
77.43
75.42
75.66
76.78
75.54
74.43
75.86
75.13
76.74
76.56
74.61
73.32
73.28
76.47
77.97
75.80
73.52
74.33
77.42
77.91
77.65
74.38
73.73
76.17
76.87
75.02
73.80
74.03
76.76
76.36
75.84
75.96
75.68
76.05
77.70
76.87
76.28
75.92
78.79
77.82
76.31
76.56
74.07
76.17
78.34
76.63
76.18
74.65
75.84
74.92
74.62
73.95
74.27
75.63
76.27
76.10
72.79
74.35
76.43
82.37
76.71
74.36
74.49
76.88
75.85
76.93
74.00
73.51
78.61
77.68
76.82
74.89
73.08
77.04
78.50
79.02
76.09
73.41
74.42
76.64
76.81
74.95
75.42
76.54
78.44
77.62
75.23
74.87
77.00
77.34
77.36
74.69
74.69
77.16
79.03
76.98
74.92
75.25
77.78
76.76
74.40
74.25
76.30
78.41
77.00
74.97
72.78
74.06
76.64
77.28
77.33
75.98
74.35
76.63
76.48
75.10
74.26
74.29
76.11
75.27
75.07
75.25
74.69
76.74
77.66
76.57
76.34
74.44
75.75
76.11
74.60
73.49
74.16
77.07
78.22
76.76
73.87
74.90
76.05
77.41
75.72
74.45
74.56
76.69
77.32
76.54
74.24
73.38
75.79
75.80
75.35
73.45
74.68
77.40
78.41
75.31
73.72
72.82
76.40
78.40
76.07
74.37
75.13
77.68
77.90
77.20
75.21
72.77
75.53
76.14
74.97
75.38
73.93
74.43
74.83
75.39
75.17
75.27
78.86
79.55
77.39
75.65
76.28
78.07
77.40
76.63
76.74
75.39
77.45
76.40
76.39
76.09
74.47
76.40
79.01
78.70
77.84
76.35
77.10
77.05
75.68
74.04
72.99
74.91
74.96
75.75
75.29
77.63
76.15
76.89
75.20
72.95
76.49
76.44
76.02
74.33
74.95
76.14
76.68
74.62
74.22
73.75
76.91
77.19
77.35
74.02
75.60
77.18
76.03
75.10
74.15
73.26
77.45
77.16
76.92
73.87
73.13
75.48
76.26
75.81
73.60
73.74
76.50
76.62
76.55
74.99
72.79
75.20
75.92
75.43
74.39
74.22
77.93
78.79
79.11
75.49
73.94
75.20
77.08
76.01
74.22
74.84
76.27
76.92
75.89
73.68
74.34
76.13
76.88
74.90
74.10
74.69
76.85
76.64
76.05
75.63
74.19
76.44
75.91
75.69
74.70
73.46
77.46
76.84
76.53
75.31
74.19
76.60
78.24
77.89
75.44
74.45
76.45
77.15
75.71
74.67
74.37
77.41
76.39
75.70
74.95
73.33
74.99
75.88
76.15
74.57
75.01
75.63
76.47
75.26
74.31
74.42
77.15
78.29
77.05
75.07
75.22
76.95
77.35
75.51
75.31
74.22
76.68
77.14
75.84
75.21
75.26
76.42
78.72
75.76
75.18
74.02
75.37
77.03
76.29
74.27
72.92
76.15
76.93
76.37
75.36
74.47
76.83
76.88
75.68
73.62
73.60
76.24
76.54
76.48
75.32
73.79
77.59
77.64
77.17
75.32
74.86
77.25
77.61
76.12
76.75
74.03
75.33
77.16
76.00
76.21
74.13
76.45
76.47
74.22
73.89
73.00
75.46
77.13
74.97
73.31
72.52
77.51
76.22
75.58
73.30
73.56
76.42
76.15
75.17
73.65
73.73
76.62
78.73
78.29
75.04
74.37
77.37
76.84
75.15
73.51
73.49
73.94
76.38
74.04
73.60
73.56
75.81
74.37
75.02
74.53
73.15
74.85
76.16
75.14
74.46
74.58
77.00
77.91
76.71
75.01
74.12
77.16
77.17
75.81
75.57
73.03
74.87
74.68
74.47
74.85
74.78
77.02
76.02
75.87
74.26
74.12
75.06
77.02
76.51
75.39
72.35
75.84
76.90
76.68
74.57
74.76
76.97
77.53
76.93
75.26
75.09
77.84
75.11
74.56
73.46
76.51
78.15
79.14
77.96
76.33
76.43
78.71
78.14
76.89
75.71
75.23
76.45
76.64
76.31
75.23
74.45
76.64
78.16
76.67
76.38
76.92
77.98
77.34
76.10
74.64
74.83
76.57
77.79
76.89
77.24
75.47
76.94
78.56
76.60
75.73
75.48
77.82
75.94
75.48
75.50
74.44
78.37
76.88
74.04
71.18
72.09
74.79
76.38
77.25
76.25
75.15
76.43
75.02
75.31
75.80
75.07
75.62
75.42
75.01
75.59
75.00
78.00
77.18
76.02
74.44
73.68
76.70
77.16
77.36
74.67
74.23
77.78
74.72
76.50
73.99
74.67
78.11
77.30
78.01
76.87
75.20
76.59
75.60
77.05
75.41
74.98
75.14
75.50
76.44
73.13
74.04
75.76
75.13
74.88
75.17
72.88
75.93
76.07
76.41
74.14
73.55
78.07
77.64
76.47
74.40
72.82
76.07
76.62
76.13
73.92
72.38
75.68
76.08
75.52
73.11
72.66
75.04
75.22
75.79
75.57
75.94
77.83
79.18
77.51
75.40
75.83
77.22
77.40
75.49
73.97
74.30
77.68
76.28
76.98
74.22
73.93
73.97
74.30
74.56
74.06
72.65
74.58
76.11
76.21
75.94
74.07
77.84
75.10
75.57
73.49
73.93
76.83
76.18
75.97
74.05
72.18
74.78
75.34
75.17
74.68
75.03
78.31
77.66
76.32
76.56
77.47
78.57
77.80
75.69
75.40
73.98
75.57
77.61
77.70
74.81
74.87
74.67
74.31
75.43
75.21
74.31
75.04
76.15
75.03
74.45
74.29
77.73
76.89
76.88
75.88
74.44
77.01
78.56
75.65
75.15
73.97
76.12
74.70
74.55
73.69
72.46
76.80
78.13
78.01
76.61
72.79
78.32
78.94
77.49
74.95
74.40
77.06
77.31
74.76
74.60
73.42
76.99
77.34
76.39
75.38
75.91
76.52
75.01
76.18
75.17
75.19
77.60
76.10
74.58
74.24
72.26
75.80
77.80
73.91
74.02
71.76
74.93
74.23
73.65
74.13
74.89
76.13
77.75
77.04
74.82
72.99
75.76
75.38
74.85
73.85
74.61
76.17
76.90
76.05
74.63
75.06
78.28
76.20
76.91
77.24
76.17
76.55
76.42
74.45
75.30
74.56
79.04
78.07
76.85
75.03
74.76
76.83
75.32
75.87
74.05
73.74
76.69
77.24
75.33
74.03
73.78
76.19
76.64
77.14
76.97
72.50
74.01
76.28
75.93
75.11
74.36
78.03
76.96
74.76
75.26
74.36
76.12
76.51
74.39
73.27
75.36
77.26
77.13
74.74
74.66
74.23
75.42
75.55
74.76
74.07
74.64
75.47
76.24
75.73
73.35
73.17
75.51
75.44
74.62
74.29
72.99
75.51
76.38
76.22
75.39
73.53
75.56
76.17
74.19
72.39
73.15
78.26
79.08
75.60
75.17
75.48
75.46
76.64
75.31
75.14
73.06
75.09
77.02
77.48
76.54
74.97
75.75
76.37
75.91
75.88
73.96
75.66
77.22
74.74
75.23
74.74
76.46
77.55
76.12
73.91
73.19
76.10
75.21
73.82
73.39
73.72
76.25
75.99
76.38
75.01
73.75
73.94
77.41
76.12
76.01
75.63
79.06
76.73
76.99
74.66
73.75
75.30
76.54
75.20
72.88
74.74
75.90
76.70
77.11
75.93
76.47
77.52
78.40
76.31
73.14
73.04
75.28
75.64
73.78
72.80
72.21
74.30
76.64
75.30
74.37
73.36
76.26
76.08
74.77
73.99
72.46
75.31
75.63
73.79
74.51
73.91
76.53
74.74
75.64
75.62
74.40
76.61
76.38
75.18
75.63
74.54
74.72
76.06
77.72
73.57
73.32
75.87
78.17
76.25
73.95
73.32
76.43
77.32
75.07
74.90
73.00
75.24
77.06
76.63
74.09
72.82
75.69
79.43
76.54
75.41
76.44
77.89
77.88
74.51
73.70
74.32
75.37
77.04
76.66
72.77
72.76
76.28
77.68
75.73
74.15
72.88
75.59
77.60
75.34
73.64
72.53
76.86
78.29
77.89
75.45
74.21
76.63
75.52
75.30
74.24
74.45
76.04
75.14
75.88
75.63
73.28
77.63
77.08
76.41
74.97
75.90
76.89
76.07
76.54
73.71
73.21
77.13
76.48
76.92
74.35
73.97
76.25
76.67
75.88
75.32
73.08
76.47
75.58
74.94
75.97
73.89
77.36
77.53
74.75
73.00
73.60
75.10
76.47
76.23
75.07
74.27
76.48
76.94
76.29
77.07
74.42
76.14
75.67
76.19
75.45
74.17
77.09
77.68
79.01
74.18
74.59
74.64
76.39
76.99
75.24
73.88
75.70
75.28
74.84
73.88
72.40
77.66
76.66
75.43
75.11
74.73
77.66
76.92
75.57
77.02
73.40
76.92
77.02
75.82
75.92
73.66
76.35
76.53
77.73
75.85
75.47
77.78
77.34
76.10
75.98
75.87
76.98
76.75
76.65
77.11
76.80
77.09
77.29
77.01
75.18
72.31
75.85
76.07
74.88
74.43
71.98
76.84
76.27
74.84
73.95
72.64
76.57
78.91
77.68
74.96
73.98
76.06
76.12
75.09
74.08
72.38
73.53
75.54
74.45
73.37
72.20
74.98
75.62
74.73
72.75
73.06
76.44
76.10
74.09
74.37
74.10
76.40
77.46
77.44
74.78
74.08
75.68
76.59
74.74
73.77
73.86
76.62
75.70
75.22
75.91
75.09
76.05
78.07
77.80
76.78
74.26
78.08
77.70
76.53
78.01
76.05
77.46
80.25
76.68
74.20
72.47
77.39
76.15
76.26
75.02
74.98
75.99
75.44
76.23
74.76
73.58
76.59
76.43
76.42
77.14
75.07
75.05
76.71
76.94
73.37
73.69
76.16
76.70
76.07
75.53
74.06
75.59
77.30
75.85
74.71
74.31
75.59
75.91
76.02
73.52
73.27
72.76
76.12
73.52
73.29
72.87
76.34
75.75
74.67
74.10
73.96
77.66
76.57
75.13
73.23
72.54
76.08
76.19
76.38
76.70
73.32
75.54
78.72
75.58
74.44
72.45
74.67
76.35
76.34
74.41
72.52
75.89
76.79
75.73
75.10
74.02
77.54
76.91
78.12
75.06
73.44
75.27
75.52
76.01
75.65
73.81
76.55
77.56
75.59
73.86
72.74
75.57
76.52
74.81
74.67
74.18
76.84
77.61
75.50
75.16
72.86
